750
840 444
202
465 808
7
747
617 881
538
411
146 288
596
606
422 327
241
393
59 417
629
520
532
488
946 861
895
886
548 752
292
499
815
545 609
325
652
11
687
645
505
294
374
731 630
43
455 85
984 104
419 438
381
74
78
746
304 806
656
899
702
786
991 32
370
907
4
245
189
462
402 832
969
767
988 458
964
362
388 795
597
504
72 6
152 696
229
921
980 383
727
106
479
421
701 982
758 661
342
755
311
291 902
745
516
568 46
743
900
351
58 709
140
621
110
694
783 534
844
248 97
757
115 833
47 774
405 61
75
859
616
93 898
28
193
364
161 101
27 163
666 49
664 64
682
693
147 871
490 920
63
996 138
331 413
925
906
262 322
420
366 2
796 221
385 634
703 858
912 363
948
603 798
514
799
509
348
88 631
451
787
938
713
197
994
951
791
17
25
894 169
790
716 414
674 123
975
397
543 828
905
804
608 740
618 601
170
213
721 484
452 353
506
917
273 237
211
190 76
812
734
987
830
321 563
456
187
998
826
686 143
65 133
923
510 670
862 884
295 117
118 947
158 957
204 443
849
8 916
891 879
680
839
924
562 249
584
233
453
324 395
654
29
864
111
972
539
91 168
822
177
239
966
522 571
100
669
398 464
802
149
126 66
598 144
560
45
753 407
377
778
690
525 523
323
39
287
835 720
166
949 290
854
569
125
851
567
605
726 350
223 449
379
559
981 102
266 995
639
546
888
404
105 263
698 10
838 269
225
968 910
956 657
94 338
86 432
922
739
845
457
999 542
467
512 306
551
829
277
475 501
175 521
915 496
360
99 355
454 426
412
777
979 607
391
129 892
914
575
593
326
675 114
186
309
537 885
688
623
320
807
663
493
533
148
877
220
81
141
959
209
159
719
706
491
70
655
536
782 847
232
36 866
230
71 700
428 590
860
867
423
238 172
843
191 636
399 365
535 673
976
329
642
369
811
931
131 155
313
974 699
585 137
736
935
352
62
961 116
448
212
526
254
343 470
785
872 589
955
472
35
130 797
471 119
22
109
610
692
120
646
160 409
963
756
334
284
942
242 958
16
909 527
678
255
772
926
349
983
723
82 517
286
658
939
468
278
156 814
270 619
650
253 897
135
780
668 215
303
809
217
489
644
962
434 600
679
615 57
282
614
182 622
722
276
576
424 717
557
34
476 750
588
624 930
789 250
431
880
24
38
602
764
183 224
308
9
60
33
51 715
37 386
73
970
107
314
179
932 153
744 595
627
124 837
989
643 928
139
26 243
332
95 577
728
361
508
200 256
112
96 40
196
800 566
222
441
530
297 580
735 903
549
42
820
176
986
90
742
145
594
604
677
681 257
570
14
416
874
258
494 487
848
136
565
638
227 371
748
267
676 280
978
425
960 794
689 162
461 846
357
816 252
218 165
154
194
205
733
347
21
185 339
875
228
480
971
207 765
298
718
345 993
436
936
214 876
850
198 128
934 801
317
665 54
561
896
181
210
195 18
240
437 953
52 69
929 587
375 762
612 941
50
79 337
234 335
354
83
483
19
908
761
450
725
429
555
707
620 651
792
518 737
831
164
293
372 817
937 763
768
732
122
301
492 625
358
870
246 813
12 244
231 271
473
486
199 55
647
127
113
770 513
265
469 498
108 289
403 0
503 578
852
641
751 310
132
672
741
319
997
396
889
260
574
23
272
219
556
531
274
394 547
944
500
511 150
389
582 173
967 459
611
724
868 482
529 714
188 344
296
591
950
564 31
378
477
495 711
67 134
821
863
216
878
178
640
819
784
279
738
392 824
474 857
307 180
943 825
586 818
68 401
683 965
92
540
410 841
415 788
433
268
247
827
121
208
553 662
406
834 685
446
167
87
992
400
103
312
318 552
367
359 80
171 853
281
299
387
340
328
704
497
913
776
206 373
626
515
84 945
836
380
430
384 660
954
637 157
315
98
632 659
592
583 236
440
697 330
691
341 20
368 447
259 977
275
887
376 952
283
729
192
712
316
760 573
251
201
842
754
893
667
671
463
89
300
613
333
775
985 53
3
882 769
911 918
77
56
460
869
803
633 264
705 390
184
554
302
478 901
572 973
990 810
408 599
779
579 773
519
890
933
883 653
418 695
466 805
48
771
749 382
635 684
558 524
356
174
485
528 544
203
442
581 427
507
856 226
823
648
435
15 904
13
793 940
855
44 927
305
336 628
708
873 151
41
439
649
142
502
550
445 759
30 285
730
261
235
541
919 710
1
865
766
781 481
346
5
