750
411
615 399
563 601
283
317
831
328
669
774 86
330 793
938
271 31
230
451
437 418
195 95
326
807
205
597
413 373
439
308
121
542 475
641
837 345
36 432
42
348
588
799
724
100
260
203
25
618 941
888
733
483
167
924
836
111
39
639
268
614
994
955
436
47 897
489
395 465
720 999
547 365
785
236 32
783 608
741
16
871 424
849
321 375
409 324
310 589
572 789
82 801
359 920
719
361
850
171 503
368 244
791
738
120
878
640
1
261
502
148
758 968
181
731 695
224 153
591
739
667
567
194
37 249
136
989
470 947
323
814 85
126 102
950
352
460
174
168 763
139
560
932 545
429
234 57
757
38
891 96
781 273
77
551
844
449 884
177
848
655
127
484 455
119 123
276
926
790
200 262
682
342
463
935
30 94
508
322 894
754
907
35
745
642
592
159
770 253
412
708
656
23
852
624 344
422 662
296
552 689
438 653
808 620
711 598
652
803
92
966
212
282
761
990 838
11
549
259 238
240
819
868 79
820
137 464
320
650
298
456
199 674
374
428 501
936
880
9
43
113
906
103
417 158
845
99 635
48
189
944
7
24
767
207 566
864
295 846
357
704
184
896
569
468
218 856
600 204
780
49 248
115 131
746
576
89
977 927
713
630 525
2 910
701 828
251
87
210
679
913
19
71 129
410 133
297 163
281
892 243
647
982 603
225
421
217
247
423
702
811
291 765
606
275
570
712
857 633
10 577
764
279
311
832 156
660 571
755
392 452
81
973 206
530
63
671
923
626
693
269 383
680
112
810 586
905
806 20
972
691
677
354
908
842
391
187
14
433
367
798 985
756
946 622
140
427 252
401 699
885 587
611
312
610
870
514
211
827
302
582 363
68 657
515
393
435
356
723
812
445 53
661 903
267
56
29
964
749 573
681 710
299
478 15
840 198
467
394 474
963
74
60
929 609
676 108
805 796
372 172
45
453
313
292
954
670 88
477
400
616
668 175
221 76
575
532
482 709
934 715
472
104 285
294
235
301
170
992
145
538
414 461
900
107
957 128
202
636 750
277
362
440
192
21
859
135
331 544
280 904
974 335
325
197
833 117
161 390
612 118
634 91
768
8 751
788 952
623
523 568
980 834
986
948
930 426
340
178
499
742
110
916 155
376 40
389
286
90
371 958
497
736
334
75
446
397
191 146
707
41
201
513 434
254
193
658
506
215 961
956 494
578 402
541
476 162
486
228
901 861
535 528
735 227
583 147
425
825 385
149
860
442
157 343
160 696
747
237 105
404
998
960 675
124 487
771
816 355
46 683
802
804
613
628 290
917
241
830
448
729
67 879
182 813
517 65
851
872 152
164
678
59 384
329
84 558
717 466
416
881 943
349
287
62
52 534
841 726
196
274
315
895
690
743
106
890
526
829
492 80
500
213
951
553 912
627
134 873
388 339
491
505
44 800
518 753
605
865
651 996
543 643
166
54 949
971
122
169 180
258
420
165 510
540
874
886
536
495 883
953 673
632 945
593
727
775
305
969
245
925
744 471
380
970
604
584
150 716
360
142
223 700
869
358
914
22
341 55
507
596
263 398
520
965 338
824 937
479
557
694
264 967
130 190
975
289 419
867
255
209
407 138
722
303
855
378
555
272
646
644
441
381
519
839
229
250 697
109
396
822
706
116 665
983
481 93
220
284
863
981 898
672
748
779
574
351
101 835
4
185 911
902 590
663
13
462
664 61
594
72 469
607 752
257 144
821
537 909
141
854
28
714 143
766
179
336 521
316
554
314
64 444
154
379
216
631 256
862 496
27 617
962
370
114 151
759 6
319
132
516
792
649
772
687
73
382 876
219
485
300
625 666
875
725
33
728
823
559
581 991
777
688
858 97
784
843
125
347
619 818
987
458 366
3
246 318
815
959
698 443
447 564
454 270
293
26 58
730
430
988 686
186
882 918
778
942
922
548 773
50
654
70
69 599
931
387
782 173
480
976
5
431
797 993
776
550
350 562
621
306 659
473
786
51 511
762 522
498 817
304 266
214 721
450
386 242
17
512 353
826
239
732
887
637 403
899
787
369
377
78
364
405 226
997
265
585 928
529 337
231 524
794 866
565
98
769 415
406
645
684 737
561
939
734
629
527 66
877
979 995
278
457
208
602
12 853
531
488
556
0 760
889
915 940
685 579
176
595 307
18 288
893
309
327 188
332
408 847
919 459
539
490 984
740 705
233
703 795
533
648
692
718
346
34
509
921
504
232
580 183
222
493
638
333
933
978
546
809
83
