750
627
182 813
316
36 432
164
413 373
379
581 991
965 338
784
22
687
816 355
631 256
531
530
761
286
706
736
843
309
684 737
588
905
112
437 418
106
748
781 273
234 57
278
986
142
382 876
428 501
491
488
515
303
720 999
714 143
28
168 763
340
378
320
224 153
354
514
454 270
727
104 285
628 290
658
410 133
864
844
451
963
955
667
111
448
1
602
101 835
72 469
149
551
804
187
966
539
637 403
707
621
436
281
59 384
890
185 911
473
441
950
449 884
376 40
310 589
333
708
939
480
21
786
536
37 249
11
768
839
292
35
668 175
926
956 494
277
858 97
841 726
299
543 643
554
509
923
611
47 897
833 117
722
872 152
10 577
660 571
792
287
275
607 752
597
476 162
550
314
367
109
478 15
497
493
301
311
8 751
516
830
567
688
3
483
78
877
300
176
518 753
875
409 324
254
199 674
251
851
214 721
541
391
192
694
630 525
184
626
860
900
576
831
591
315
170
39
671
743
582 363
978
54 949
649
186
201
555
814 85
267
917
899
232
257 144
305
218 856
51 511
623
604
115 131
570
908
486
580 183
526
328
203
67 879
680
749 573
632 945
553 912
677
500
907
578 402
506
785
405 226
871 424
542 475
692
770 253
141
584
74
775
704
440
655
924
48
33
819
656
585 928
359 920
938
423
685 579
936
569
92
411
870
504
431
416
99 635
951
842
549
312
724
165 510
869
757
825 385
540
646
450
616
744 471
18 288
41
661 903
420
395 465
258
140
255
901 861
271 31
120
663
435
681 710
849
641
392 452
636 750
98
247
962
207 566
148
906
777
389
29
988 686
84 558
959
575
829
159
803
596
845
63
520
81
127
462
263 398
647
71 129
678
821
429
433
610
82 801
863
215 961
806 20
122
68 657
990 838
294
725
735 227
237 105
922
132
167
334
742
925
317
703 795
490 984
891 96
718
137 464
994
325
189
396
221 76
191 146
691
507
798 985
220
103
208
745
107
5
600 204
458 366
788 952
229
393
169 180
719
987
302
812
217
711 598
135
321 375
134 873
371 958
171 503
758 968
495 883
693
27 617
533
342
336 521
445 53
929 609
552 689
774 86
972
919 459
178
557
717 466
857 633
850
394 474
701 828
38
282
272
388 339
981 898
468
34
559
70
401 699
746
893
624 344
348
357
265
83
916 155
42
732
400
369
613
650
913
484 455
306 659
723
69 599
116 665
505
934 715
360
964
75
358
640
113
532
364
280 904
983
372 172
782 173
948
7
614
855
731 695
868 79
240
946 622
136
642
755
481 93
942
794 866
862 496
729
808 620
886
867
989
482 709
740 705
241
100
457
26 58
460
24
212
326
799
245
202
832 156
594
728
347
17
346
211
361
772
397
406
200 262
690
52 534
498 817
386 242
289 419
438 653
44 800
848
477
174
960 675
295 846
888
370
332
548 773
980 834
634 91
840 198
216
260
2 910
815
261
535 528
652
323
957 128
43
368 244
780
194
380
654
205
412
19
618 941
931
387
77
982 603
563 601
790
331 544
291 765
560
915 940
639
228
519
807
322 894
297 163
130 190
489
837 345
235
50
114 151
327 188
902 590
236 32
997
407 138
827
892 243
293
274
56
154
89
414 461
747
645
349
619 818
932 545
998
783 608
547 365
479
296
427 252
738
836
992
374
195 95
196
885 587
971
523 568
712
882 918
572 789
166
446
356
612 118
421
979 995
4
771
268
230
527 66
425
352
970
46 683
269 383
664 61
776
638
583 147
854
210
430
914
933
422 662
308
329
512 353
976
766
49 248
160 696
889
90
874
209
669
672
45
852
463
25
625 666
670 88
592
734
30 94
865
741
605
739
824 937
556
759 6
472
822
60
538
381
246 318
823
408 847
974 335
921
121
517 65
485
895
954
62
574
935
702
754
762 522
513 434
125
713
377
177
222
16
351
969
181
239
404
797 993
682
304 266
456
492 80
878
809
150 716
193
362
73
453
733
615 399
881 943
9
767
23
179
0 760
953 673
859
259 238
769 415
14
126 102
87
606
565
284
802
12 853
197
529 337
313
810 586
644
546
110
676 108
225
595 307
787
811
223 700
561
779
439
264 967
330 793
470 947
975
124 487
139
730
157 343
502
145
161 390
896
250 697
319
219
13
977 927
283
973 206
826
447 564
593
629
213
467
64 444
887
341 55
350 562
756
298
233
805 796
791
944
648
880
651 996
231 524
499
764
698 443
508
119 123
417 158
279
442
276
679
930 426
820
537 909
778
