750
254
607 752
408 847
392 452
976
294
514
739
621
70
516
4
782 173
135
33
785
470 947
500
130 190
116 665
552 689
317
925
83
326
12 853
810 586
237 105
962
498 817
194
49 248
559
926
551
656
457
649
745
869
404
14
214 721
251
570
807
10 577
672
565
784
890
648
11
740 705
231 524
486
429
693
371 958
413 373
101 835
889
24
774 86
223 700
263 398
650
169 180
690
276
575
103
741
708
902 590
336 521
536
334
69 599
54 949
170
769 415
47 897
286
323
798 985
647
221 76
181
974 335
831
764
704
523 568
973 206
668 175
268
3
832 156
449 884
799
472
612 118
437 418
78
758 968
124 487
74
787
197
17
917
788 952
160 696
412
906
400
972
77
245
857 633
625 666
219
526
182 813
541
513 434
187
542 475
230
627
29
473
313
688
35
515
888
727
591
645
193
854
207 566
34
669
804
658
100
641
759 6
462
60
269 383
761
347
989
178
258
994
849
468
982 603
802
225
670 88
305
781 273
701 828
136
956 494
416
685 579
720 999
923
479
755
975
489
300
600 204
192
287
875
955
177
430
671
422 662
45
189
43
682
563 601
396
767
359 920
409 324
28
684 737
488
893
574
159
757
618 941
830
30 94
463
932 545
483
8 751
312
50
351
811
777
364
939
150 716
790
951
530
38
329
298
115 131
176
368 244
858 97
553 912
583 147
203
67 879
979 995
983
386 242
938
638
597
370
639
942
605
104 285
797 993
352
821
957 128
137 464
871 424
655
899
82 801
179
908
862 496
113
299
892 243
272
280 904
132
963
851
376 40
428 501
52 534
389
395 465
356
654
142
200 262
829
512 353
316
614
391
581 991
450
980 834
970
260
687
114 151
261
281
212
953 673
18 288
981 898
640
121
360
271 31
407 138
629
27 617
584
289 419
506
934 715
848
677
215 961
533
342
445 53
98
872 152
167
292
112
543 643
21
794 866
771
896
895
623
440
855
509
722
585 928
166
278
905
333
731 695
756
332
816 355
749 573
548 773
220
567
321 375
284
296
725
786
59 384
733
660 571
315
274
322 894
867
560
636 750
420
644
717 466
205
707
505
406
812
860
451
107
246 318
374
382 876
7
196
907
535 528
250 697
539
630 525
327 188
311
165 510
301
302
504
877
446
734
540
527 66
73
822
234 57
703 795
211
921
19
632 945
578 402
954
447 564
26 58
168 763
9
520
845
661 903
348
718
141
546
922
482 709
843
738
56
517 65
467
308
387
886
652
878
637 403
236 32
595 307
330 793
987
380
476 162
492 80
481 93
537 909
561
126 102
184
803
791
358
865
680
441
864
149
508
825 385
863
490 984
518 753
778
229
619 818
222
948
806 20
569
379
611
36 432
840 198
186
615 399
140
836
217
885 587
588
819
555
109
291 765
208
626
901 861
279
593
92
915 940
935
820
792
228
868 79
51 511
839
631 256
68 657
538
240
780
556
874
880
532
966
519
914
216
417 158
314
887
293
747
507
960 675
676 108
775
992
594
139
833 117
713
852
362
191 146
931
924
145
837 345
62
350 562
988 686
349
259 238
616
930 426
823
642
303
491
748
882 918
393
783 608
646
233
306 659
199 674
735 227
604
712
667
870
744 471
766
453
435
372 172
425
944
770 253
304 266
493
161 390
691
90
378
218 856
478 15
164
477
81
257 144
213
341 55
125
154
427 252
946 622
397
320
235
122
410 133
706
72 469
815
48
554
255
859
89
39
357
267
746
606
986
779
71 129
377
634 91
264 967
448
119 123
37 249
711 598
497
998
331 544
557
210
99 635
2 910
596
679
959
572 789
431
978
723
624 344
933
44 800
663
275
414 461
277
841 726
232
87
454 270
628 290
499
46 683
809
602
742
201
148
325
157 343
120
964
529 337
42
309
950
401 699
224 153
826
531
22
265
732
776
592
110
681 710
698 443
916 155
340
977 927
23
580 183
576
805 796
421
651 996
388 339
367
439
692
405 226
814 85
0 760
502
485
16
369
283
433
613
460
714 143
111
891 96
965 338
719
328
547 365
106
436
458 366
664 61
310 589
850
724
174
827
185 911
354
762 522
728
127
5
582 363
768
694
41
729
754
990 838
411
282
423
239
929 609
63
730
394 474
209
900
743
736
438 653
25
936
997
64 444
13
610
549
484 455
241
480
442
550
772
844
913
202
495 883
361
381
171 503
295 846
702
75
678
969
808 620
195 95
134 873
971
247
881 943
456
1
297 163
346
919 459
84 558
824 937
319
842
