750
810 586
283
400
805 796
435
392 452
694
271 31
334
436
389
35
132
136
560
931
254
935
317
680
492 80
972
405 226
693
212
703 795
234 57
670 88
639
462
890
537 909
240
11
312
872 152
651 996
349
231 524
362
989
448
101 835
648
535 528
110
446
168 763
960 675
320
552 689
395 465
567
301
771
907
428 501
990 838
862 496
930 426
754
602
792
310 589
368 244
844
942
977 927
975
420
563 601
413 373
482 709
74
481 93
150 716
682
374
515
685 579
855
225
863
631 256
114 151
83
908
217
304 266
445 53
49 248
100
277
473
4
275
505
875
36 432
202
305
393
612 118
124 487
171 503
775
229
784
799
429
919 459
109
556
732
63
557
761
298
759 6
328
410 133
323
297 163
865
513 434
18 288
367
671
730
864
139
570
895
922
264 967
901 861
8 751
236 32
280 904
966
723
746
955
438 653
926
600 204
130 190
604
831
584
485
733
777
386 242
115 131
281
191 146
741
516
116 665
479
848
427 252
294
619 818
676 108
690
239
736
578 402
401 699
877
914
776
404
896
660 571
936
222
81
891 96
82 801
499
235
597
440
347
842
882 918
326
668 175
5
99 635
672
218 856
299
888
868 79
213
647
134 873
540
830
965 338
822
543 643
688
938
640
939
826
498 817
529 337
409 324
816 355
580 183
840 198
548 773
881 943
973 206
531
135
196
148
9
624 344
758 968
655
331 544
512 353
734
59 384
295 846
628 290
160 696
394 474
592
767
849
538
692
821
45
43
370
924
39
652
0 760
322 894
431
596
981 898
892 243
357
164
916 155
71 129
125
484 455
748
786
391
684 737
978
983
495 883
259 238
698 443
207 566
416
806 20
178
289 419
722
351
987
340
627
669
25
489
486
917
192
119 123
16
681 710
554
421
287
50
728
372 172
263 398
60
980 834
170
308
502
836
971
857 633
823
111
77
718
267
113
854
382 876
62
121
378
411
126 102
889
550
509
593
3
468
929 609
819
300
330 793
269 383
743
41
316
902 590
913
885 587
932 545
717 466
654
526
166
804
142
742
333
246 318
48
886
906
30 94
841 726
241
185 911
519
979 995
208
797 993
677
286
998
646
423
623
165 510
974 335
636 750
986
34
514
346
791
638
976
412
827
591
68 657
453
964
808 620
569
268
839
296
120
284
815
779
26 58
2 910
923
463
874
870
17
719
701 828
782 173
506
611
532
224 153
179
73
934 715
433
661 903
10 577
921
565
770 253
221 76
360
167
809
157 343
798 985
860
371 958
811
354
488
583 147
230
52 534
228
833 117
658
159
19
54 949
137 464
451
644
517 65
946 622
963
581 991
456
265
396
992
925
352
678
181
89
712
645
1
642
439
414 461
7
149
381
957 128
649
747
336 521
948
606
44 800
825 385
845
422 662
667
69 599
740 705
508
702
745
274
245
778
774 86
46 683
12 853
497
621
582 363
182 813
575
127
189
641
527 66
664 61
843
154
962
341 55
377
794 866
327 188
982 603
613
406
625 666
708
572 789
282
478 15
869
380
258
332
28
541
610
313
78
387
13
711 598
87
90
780
67 879
279
408 847
887
306 659
303
177
197
871 424
787
637 403
679
969
725
518 753
783 608
749 573
176
161 390
547 365
359 920
491
735 227
546
220
211
549
194
21
70
585 928
56
184
325
33
803
216
195 95
766
186
364
756
850
51 511
319
302
706
112
107
193
361
376 40
755
493
315
450
764
738
507
615 399
707
762 522
588
251
457
417 158
614
970
533
104 285
261
140
634 91
454 270
75
785
321 375
72 469
201
272
632 945
899
37 249
687
292
309
350 562
523 568
342
954
731 695
790
200 262
829
260
950
314
205
663
807
559
959
141
449 884
867
24
223 700
407 138
293
605
832 156
880
536
724
199 674
174
348
994
255
425
237 105
561
358
858 97
691
470 947
650
953 673
739
574
42
595 307
291 765
219
14
476 162
772
812
951
769 415
203
467
483
915 940
504
29
472
852
859
720 999
250 697
22
630 525
553 912
64 444
276
802
460
210
442
530
106
744 471
23
594
447 564
388 339
369
477
781 273
542 475
500
656
629
278
47 897
257 144
397
437 418
704
626
169 180
814 85
480
618 941
311
616
757
837 345
727
988 686
878
714 143
145
551
824 937
98
768
944
520
122
233
820
900
84 558
933
539
458 366
356
215 961
27 617
430
788 952
490 984
851
956 494
214 721
713
209
38
187
232
92
555
441
576
729
247
997
905
379
329
607 752
893
103
