750
157 343
16
237 105
116 665
316
539
259 238
681 710
301
648
836
561
488
287
766
565
177
257 144
380
194
781 273
439
167
855
22
486
4
953 673
491
184
125
428 501
325
799
169 180
870
808 620
782 173
299
68 657
627
46 683
165 510
1
182 813
236 32
917
755
990 838
107
667
495 883
717 466
794 866
530
728
776
527 66
975
977 927
500
135
119 123
730
78
99 635
791
777
480
704
405 226
14
430
440
891 96
371 958
520
267
902 590
260
7
477
727
901 861
450
87
264 967
272
644
802
74
263 398
930 426
690
788 952
640
298
71 129
507
446
840 198
327 188
769 415
888
882 918
569
723
437 418
245
950
457
221 76
848
265
215 961
899
632 945
0 760
39
548 773
942
988 686
519
220
987
906
646
364
529 337
70
557
785
661 903
812
453
100
845
660 571
720 999
895
859
481 93
913
711 598
295 846
602
304 266
438 653
887
292
370
914
701 828
951
867
650
731 695
429
54 949
946 622
924
136
185 911
8 751
52 534
352
779
676 108
560
239
13
580 183
368 244
655
161 390
962
120
323
394 474
841 726
2 910
671
164
41
631 256
395 465
875
595 307
75
837 345
934 715
714 143
592
543 643
584
707
81
886
250 697
844
980 834
852
994
921
305
134 873
533
916 155
449 884
472
326
101 835
739
193
36 432
669
749 573
203
732
306 659
692
885 587
567
682
938
684 737
747
549
9
849
685 579
397
111
286
518 753
761
634 91
293
413 373
350 562
425
310 589
382 876
851
463
713
255
687
274
688
830
314
359 920
626
35
792
807
554
445 53
45
49 248
202
825 385
485
639
127
663
90
833 117
905
447 564
387
34
863
319
408 847
963
329
722
142
959
613
926
542 475
786
140
240
470 947
754
746
757
575
154
442
412
407 138
965 338
261
235
37 249
499
277
178
992
401 699
536
593
232
594
778
82 801
25
944
348
694
43
641
614
362
479
889
798 985
762 522
498 817
935
809
483
638
858 97
922
139
908
268
346
907
33
860
115 131
712
379
734
186
482 709
84 558
199 674
393
514
197
585 928
209
729
820
625 666
745
3
559
581 991
351
222
893
247
955
582 363
574
191 146
414 461
610
230
600 204
871 424
148
63
597
166
591
300
815
378
149
219
604
767
493
607 752
349
27 617
826
104 285
619 818
109
651 996
50
670 88
790
410 133
278
748
460
223 700
829
768
636 750
531
159
308
386 242
356
862 496
839
656
210
877
576
668 175
505
47 897
642
302
583 147
284
211
526
330 793
333
77
59 384
989
69 599
132
296
892 243
605
735 227
708
864
377
970
954
971
578 402
216
48
880
411
966
328
174
122
341 55
229
458 366
354
743
854
336 521
225
982 603
588
64 444
771
896
596
303
251
497
797 993
10 577
234 57
5
832 156
201
693
555
281
979 995
145
313
679
890
654
857 633
872 152
212
420
317
205
289 419
331 544
532
423
357
141
535 528
422 662
900
960 675
787
869
811
208
489
433
919 459
616
271 31
200 262
725
698 443
400
11
468
513 434
740 705
621
137 464
24
332
744 471
476 162
473
550
756
490 984
26 58
170
537 909
508
850
19
369
957 128
347
179
878
176
546
509
629
126 102
417 158
98
874
972
372 172
819
506
758 968
312
652
810 586
280 904
516
624 344
939
741
484 455
62
703 795
416
923
462
706
804
492 80
367
805 796
427 252
552 689
978
618 941
456
816 355
311
612 118
358
822
282
60
724
677
213
540
67 879
868 79
121
803
297 163
738
218 856
974 335
361
73
563 601
113
623
21
842
334
181
983
340
431
929 609
719
374
224 153
611
404
388 339
783 608
441
103
29
504
72 469
258
664 61
512 353
18 288
630 525
931
718
283
541
774 86
649
547 365
269 383
196
42
130 190
865
214 721
986
241
322 894
396
30 94
976
321 375
275
436
956 494
925
981 898
231 524
106
645
276
736
92
806 20
637 403
772
448
409 324
881 943
933
228
454 270
89
233
56
124 487
381
360
702
23
517 65
114 151
279
948
192
195 95
112
764
824 937
207 566
964
969
998
742
538
932 545
392 452
814 85
168 763
997
733
784
406
12 853
254
342
294
570
551
171 503
770 253
478 15
647
523 568
150 716
658
827
315
831
780
615 399
17
435
572 789
187
775
843
691
606
672
217
389
821
467
309
823
973 206
160 696
391
246 318
502
515
680
110
291 765
28
759 6
38
678
44 800
51 511
556
915 940
376 40
189
451
628 290
553 912
421
320
936
83
