750
781 273
168 763
667
688
880
764
778
980 834
754
445 53
351
389
979 995
90
325
552 689
857 633
915 940
770 253
64 444
706
728
310 589
963
619 818
362
260
864
176
67 879
323
559
553 912
77
124 487
805 796
557
810 586
482 709
955
89
457
833 117
135
790
532
878
44 800
81
816 355
994
536
352
529 337
377
777
211
413 373
303
860
508
423
251
186
167
542 475
409 324
513 434
783 608
236 32
685 579
332
412
837 345
23
11
924
154
594
166
704
533
477
26 58
690
840 198
574
295 846
582 363
775
543 643
788 952
839
453
216
893
374
613
936
844
825 385
41
14
458 366
714 143
655
679
892 243
289 419
677
258
612 118
438 653
658
386 242
35
98
141
572 789
546
759 6
101 835
378
349
436
784
233
63
772
712
359 920
400
278
512 353
530
616
235
975
824 937
357
139
921
279
60
591
983
322 894
766
408 847
729
62
446
200 262
896
250 697
827
182 813
551
370
615 399
2 910
997
470 947
736
1
708
17
263 398
969
832 156
578 402
581 991
519
417 158
987
431
664 61
232
164
520
110
43
611
602
59 384
0 760
808 620
476 162
518 753
92
899
261
561
213
540
929 609
948
506
21
302
354
756
769 415
416
960 675
585 928
978
646
588
652
874
396
925
698 443
676 108
639
229
889
187
930 426
576
502
5
160 696
25
272
745
83
815
299
356
297 163
224 153
640
382 876
605
563 601
463
136
127
806 20
287
663
8 751
822
722
933
523 568
954
939
228
326
311
957 128
678
956 494
450
720 999
103
215 961
630 525
631 256
959
46 683
526
314
654
531
875
71 129
986
239
126 102
900
358
27 617
584
388 339
222
364
336 521
748
691
938
811
668 175
218 856
451
264 967
203
404
845
735 227
435
841 726
717 466
240
281
981 898
472
593
50
555
908
632 945
597
887
787
275
849
245
707
346
195 95
734
877
489
316
10 577
687
791
411
430
161 390
554
181
30 94
634 91
225
550
567
935
405 226
479
953 673
130 190
268
454 270
962
966
234 57
782 173
890
179
422 662
56
189
913
556
267
541
621
794 866
869
730
122
286
361
990 838
48
36 432
33
3
515
660 571
757
780
75
28
595 307
539
428 501
488
888
739
429
74
723
132
100
916 155
850
254
284
437 418
842
725
740 705
271 31
614
125
749 573
394 474
202
902 590
107
692
52 534
207 566
230
583 147
150 716
114 151
29
18 288
926
870
99 635
440
881 943
779
998
219
116 665
342
210
19
380
786
848
360
548 773
713
78
560
814 85
867
137 464
73
538
241
976
37 249
7
134 873
741
333
644
785
84 558
702
13
255
569
308
537 909
868 79
872 152
774 86
265
682
596
742
212
862 496
369
711 598
950
177
381
865
804
209
767
493
456
49 248
330 793
371 958
694
642
651 996
484 455
882 918
514
946 622
638
649
328
68 657
237 105
277
744 471
257 144
535 528
863
196
758 968
625 666
820
104 285
871 424
38
309
934 715
798 985
305
724
661 903
159
191 146
231 524
901 861
974 335
703 795
460
246 318
492 80
306 659
313
331 544
670 88
165 510
982 603
771
439
120
821
292
886
111
427 252
410 133
669
113
442
944
449 884
604
304 266
628 290
504
656
473
636 750
919 459
247
317
973 206
972
433
731 695
733
221 76
718
145
645
350 562
627
185 911
420
831
340
401 699
618 941
39
16
799
855
859
69 599
497
347
738
951
334
637 403
802
274
321 375
500
481 93
51 511
280 904
149
140
672
858 97
298
174
906
393
509
836
208
301
607 752
315
205
516
282
732
743
681 710
47 897
462
505
907
9
923
220
575
830
348
376 40
885 587
115 131
22
812
684 737
977 927
606
693
148
142
294
917
387
761
296
193
178
34
803
197
854
507
119 123
819
626
719
610
922
905
379
169 180
671
797 993
72 469
565
499
823
87
965 338
680
327 188
792
214 721
259 238
171 503
392 452
988 686
291 765
809
989
300
762 522
467
157 343
942
54 949
109
170
931
829
486
650
106
372 172
483
201
517 65
843
826
485
549
42
406
217
914
223 700
407 138
448
851
312
807
648
447 564
12 853
45
746
891 96
852
112
269 383
776
498 817
414 461
992
293
527 66
970
121
367
600 204
192
570
478 15
468
727
194
24
391
276
319
547 365
283
480
421
964
441
82 801
320
184
629
495 883
624 344
329
971
395 465
701 828
932 545
647
341 55
592
70
199 674
491
490 984
368 244
4
397
768
623
755
580 183
425
895
747
641
