750
956 494
140
978
779
992
401 699
729
154
413 373
294
574
768
532
506
808 620
661 903
676 108
134 873
125
98
189
746
864
772
570
21
265
137 464
347
346
950
759 6
325
755
921
677
106
331 544
516
980 834
473
959
19
14
329
431
541
330 793
263 398
681 710
926
803
540
829
3
882 918
499
119 123
126 102
740 705
792
820
54 949
169 180
477
842
682
826
578 402
877
723
505
82 801
333
865
595 307
323
52 534
790
519
30 94
724
628 290
214 721
632 945
33
844
554
132
116 665
450
888
822
652
739
83
486
488
37 249
389
934 715
997
679
805 796
815
446
161 390
442
0 760
467
164
463
49 248
476 162
429
1
588
257 144
743
646
319
561
964
977 927
946 622
625 666
645
481 93
110
260
356
906
489
837 345
655
178
283
121
43
381
208
69 599
215 961
825 385
953 673
722
565
41
857 633
778
287
404
582 363
251
174
563 601
239
509
548 773
572 789
678
690
704
493
261
184
427 252
379
747
583 147
736
639
935
250 697
168 763
321 375
278
806 20
258
17
791
600 204
955
766
237 105
668 175
38
112
523 568
693
2 910
23
942
692
72 469
728
64 444
438 653
730
480
127
315
604
933
871 424
623
925
812
84 558
449 884
557
597
456
411
735 227
593
839
804
981 898
543 643
109
551
342
610
182 813
159
230
60
896
863
970
271 31
422 662
880
400
211
59 384
976
236 32
414 461
870
687
616
843
90
312
684 737
966
605
748
767
332
282
741
703 795
289 419
491
615 399
370
436
351
576
757
644
810 586
535 528
794 866
63
177
209
553 912
441
671
929 609
75
685 579
35
392 452
472
409 324
994
971
745
660 571
492 80
731 695
276
824 937
630 525
187
104 285
369
490 984
247
264 967
234 57
240
439
761
202
92
986
619 818
185 911
246 318
433
719
447 564
191 146
547 365
567
176
16
919 459
591
802
224 153
139
738
5
135
448
255
972
468
378
862 496
982 603
145
840 198
18 288
618 941
975
150 716
631 256
50
908
341 55
892 243
387
352
197
462
136
816 355
711 598
517 65
830
831
406
340
301
845
664 61
99 635
669
901 861
658
457
497
483
998
890
907
951
179
702
552 689
326
451
777
670 88
913
309
786
396
220
640
77
900
914
142
754
612 118
860
707
111
334
987
348
963
113
539
87
512 353
811
428 501
642
181
647
556
194
526
425
720 999
48
62
393
629
872 152
299
354
327 188
560
938
788 952
758 968
308
771
81
200 262
302
371 958
297 163
241
769 415
56
27 617
891 96
531
303
495 883
784
405 226
193
833 117
160 696
207 566
780
651 996
979 995
650
923
280 904
235
798 985
275
171 503
213
372 172
166
807
157 343
636 750
359 920
957 128
613
391
313
103
867
859
902 590
231 524
7
874
361
756
25
317
538
350 562
221 76
186
28
520
408 847
638
316
470 947
855
217
614
279
852
706
742
637 403
527 66
775
232
322 894
555
905
770 253
932 545
423
624 344
989
412
774 86
89
734
314
39
192
714 143
122
584
948
889
295 846
868 79
965 338
537 909
101 835
440
219
272
310 589
36 432
165 510
725
785
9
851
672
680
886
394 474
225
286
482 709
454 270
71 129
823
606
70
149
291 765
529 337
13
407 138
875
484 455
222
368 244
895
229
727
899
508
718
762 522
223 700
634 91
832 156
944
990 838
11
621
298
712
170
51 511
513 434
809
259 238
983
360
922
654
430
656
887
549
500
885 587
836
585 928
349
306 659
542 475
305
594
416
336 521
453
667
485
420
233
364
936
849
607 752
515
114 151
29
435
377
536
47 897
328
203
744 471
854
42
26 58
550
218 856
107
281
530
814 85
915 940
199 674
878
293
881 943
395 465
73
362
24
733
691
611
478 15
858 97
8 751
917
46 683
78
641
546
569
916 155
518 753
869
458 366
924
969
382 876
717 466
421
397
300
713
201
974 335
376 40
386 242
893
292
602
10 577
580 183
148
115 131
284
120
380
445 53
304 266
988 686
502
228
167
954
141
663
581 991
931
799
358
930 426
627
216
819
130 190
410 133
245
939
195 95
268
12 853
592
311
776
196
269 383
841 726
124 487
417 158
22
212
388 339
479
34
783 608
649
596
100
507
749 573
827
848
205
68 657
960 675
254
67 879
626
320
648
514
296
357
374
782 173
850
277
74
559
460
44 800
764
267
973 206
962
797 993
694
437 418
4
498 817
367
701 828
575
787
821
274
210
708
732
504
688
533
781 273
45
698 443
