750
104 285
458 366
814 85
867
998
865
473
388 339
101 835
389
186
618 941
565
282
405 226
447 564
327 188
825 385
649
956 494
111
425
654
268
381
529 337
92
739
89
509
258
811
283
42
393
550
734
794 866
885 587
16
840 198
322 894
788 952
417 158
860
431
478 15
512 353
27 617
725
790
4
8 751
720 999
957 128
597
969
124 487
616
333
409 324
351
925
542 475
235
0 760
467
74
770 253
178
36 432
250 697
888
239
199 674
596
342
119 123
486
707
924
442
508
678
547 365
184
67 879
602
842
841 726
196
832 156
439
989
530
651 996
212
81
302
103
100
48
120
395 465
613
130 190
224 153
749 573
694
729
747
626
878
874
962
391
437 418
951
882 918
819
298
660 571
988 686
779
145
555
719
19
331 544
875
743
615 399
87
310 589
554
301
215 961
816 355
923
182 813
126 102
200 262
222
868 79
440
727
907
887
329
142
629
304 266
917
317
768
358
612 118
914
201
844
347
640
863
208
193
741
979 995
427 252
933
3
908
738
106
594
480
291 765
284
703 795
797 993
978
755
742
2 910
682
724
948
735 227
820
454 270
836
160 696
762 522
902 590
197
864
39
899
107
972
872 152
871 424
930 426
98
479
821
708
316
236 32
139
646
711 598
43
229
889
34
572 789
975
714 143
46 683
271 31
292
314
319
489
134 873
516
527 66
497
757
411
187
82 801
785
116 665
326
539
436
141
380
691
806 20
668 175
731 695
137 464
851
896
964
348
228
974 335
463
328
502
701 828
257 144
782 173
500
681 710
64 444
676 108
149
254
213
315
313
274
688
99 635
300
362
901 861
47 897
799
498 817
771
192
350 562
12 853
926
563 601
449 884
981 898
781 273
429
492 80
663
946 622
174
349
75
775
960 675
858 97
537 909
332
922
552 689
621
519
648
556
420
637 403
265
84 558
150 716
647
364
808 620
604
950
574
560
870
247
54 949
942
50
14
481 93
60
195 95
531
295 846
430
259 238
376 40
293
761
905
194
223 700
24
421
470 947
687
33
906
636 750
287
628 290
305
56
264 967
341 55
610
233
630 525
515
977 927
740 705
21
507
408 847
428 501
553 912
580 183
499
953 673
767
802
913
359 920
718
895
90
810 586
606
880
532
857 633
296
784
778
548 773
457
826
722
569
843
1
387
831
441
869
600 204
514
624 344
641
308
167
209
990 838
320
29
595 307
732
915 940
652
367
698 443
460
216
246 318
360
745
664 61
582 363
109
827
234 57
433
278
684 737
177
255
744 471
482 709
10 577
7
374
382 876
340
136
504
712
377
986
623
541
758 968
472
736
9
189
312
210
311
334
593
578 402
219
551
214 721
41
260
631 256
679
451
535 528
605
220
394 474
823
754
916 155
787
638
176
538
237 105
862 496
140
357
759 6
26 58
78
346
23
113
533
263 398
330 793
777
11
37 249
680
546
13
954
161 390
575
379
321 375
536
286
570
645
269 383
148
987
848
704
766
639
422 662
644
543 643
110
611
692
386 242
225
371 958
804
730
669
607 752
671
241
323
642
368 244
450
202
769 415
397
900
169 180
756
132
476 162
627
585 928
955
356
240
171 503
438 653
997
272
352
702
280 904
733
576
276
205
881 943
114 151
677
567
401 699
294
154
127
491
584
59 384
170
983
416
809
837 345
890
728
713
45
934 715
932 545
412
980 834
939
191 146
772
453
462
484 455
251
886
231 524
181
807
400
655
976
221 76
410 133
632 945
157 343
166
168 763
792
822
378
518 753
824 937
49 248
404
299
28
135
805 796
44 800
354
973 206
591
935
581 991
77
994
936
336 521
435
748
289 419
392 452
413 373
122
786
22
921
672
211
549
783 608
396
992
592
448
815
513 434
791
877
540
73
51 511
217
179
891 96
667
25
72 469
63
690
483
812
670 88
971
929 609
30 94
69 599
658
723
963
70
275
372 172
517 65
446
505
656
938
185 911
369
650
931
490 984
83
557
523 568
919 459
959
850
970
634 91
121
423
5
892 243
125
406
68 657
520
71 129
297 163
477
370
52 534
267
803
859
625 666
159
361
414 461
506
62
855
944
561
35
115 131
965 338
619 818
830
588
445 53
325
776
849
839
495 883
468
407 138
661 903
982 603
833 117
559
112
207 566
38
18 288
485
232
279
526
852
488
261
303
281
583 147
164
277
845
685 579
230
780
17
746
693
614
798 985
717 466
456
966
764
203
245
309
854
774 86
218 856
493
306 659
165 510
829
893
706
