750
446
540
641
766
467
878
772
819
351
486
203
124 487
295 846
703 795
707
89
785
279
854
7
946 622
394 474
535 528
736
790
634 91
145
554
629
618 941
164
552 689
621
980 834
130 190
532
742
536
938
719
265
103
567
369
615 399
286
421
488
427 252
17
887
755
642
849
354
658
404
442
843
559
282
112
769 415
648
668 175
908
518 753
604
739
73
926
803
688
816 355
185 911
543 643
213
300
470 947
515
229
862 496
137 464
936
231 524
549
374
812
389
437 418
840 198
507
560
254
114 151
954
111
136
730
998
181
929 609
191 146
595 307
116 665
275
712
500
177
302
837 345
196
722
612 118
950
333
875
805 796
115 131
664 61
893
62
493
509
328
0 760
732
33
783 608
561
406
348
367
23
161 390
457
420
711 598
575
63
397
892 243
401 699
931
578 402
217
989
551
34
239
572 789
192
417 158
820
708
233
184
869
826
263 398
291 765
113
26 58
447 564
781 273
428 501
460
349
776
877
230
610
376 40
70
356
780
381
448
693
305
827
679
468
864
342
517 65
357
11
29
276
313
692
319
979 995
195 95
655
860
77
311
187
5
667
935
157 343
303
208
964
44 800
948
680
871 424
283
582 363
431
553 912
970
408 847
481 93
798 985
284
786
358
676 108
791
923
350 562
974 335
848
246 318
607 752
628 290
148
616
997
585 928
8 751
906
110
379
563 601
497
681 710
596
602
347
902 590
624 344
429
784
899
74
16
321 375
440
422 662
106
377
829
176
216
764
735 227
119 123
392 452
934 715
236 32
972
824 937
619 818
541
495 883
888
713
581 991
594
702
731 695
741
331 544
491
814 85
704
660 571
386 242
986
462
630 525
27 617
733
18 288
743
539
959
59 384
463
858 97
632 945
638
127
438 653
473
863
637 403
747
41
833 117
583 147
652
304 266
839
101 835
672
645
533
370
768
932 545
456
52 534
12 853
640
718
758 968
556
810 586
485
830
987
482 709
472
298
250 697
48
613
921
54 949
597
271 31
671
13
808 620
957 128
122
10 577
691
317
212
678
891 96
360
480
64 444
160 696
71 129
425
359 920
792
277
728
956 494
258
154
916 155
767
799
479
409 324
267
694
362
21
292
72 469
322 894
636 750
478 15
605
490 984
971
413 373
121
895
454 270
372 172
224 153
69 599
955
822
414 461
296
35
174
82 801
576
182 813
371 958
855
43
889
944
261
639
56
738
323
484 455
104 285
913
37 249
167
36 432
907
334
886
232
520
189
852
166
914
241
804
885 587
352
42
720 999
309
49 248
453
380
825 385
141
388 339
656
734
930 426
821
234 57
990 838
287
557
289 419
975
933
9
316
47 897
745
504
215 961
844
591
51 511
748
994
983
411
24
107
395 465
458 366
210
199 674
306 659
647
92
100
687
435
841 726
823
782 173
787
584
625 666
361
1
272
492 80
727
900
919 459
842
341 55
915 940
670 88
87
614
756
982 603
489
779
661 903
992
211
220
626
845
314
514
516
529 337
519
811
299
651 996
538
565
857 633
132
209
574
831
84 558
606
68 657
723
870
744 471
966
202
364
901 861
685 579
890
951
368 244
550
600 204
308
201
405 226
387
281
815
706
925
22
274
159
788 952
332
754
644
677
960 675
125
569
867
483
171 503
99 635
962
555
294
865
39
809
611
150 716
881 943
570
717 466
45
149
225
439
2 910
169 180
260
126 102
38
872 152
98
312
340
724
293
78
868 79
882 918
794 866
90
326
433
170
896
922
508
396
963
477
775
75
382 876
531
46 683
832 156
905
436
228
698 443
770 253
330 793
50
30 94
194
530
378
547 365
214 721
218 856
139
548 773
4
988 686
255
542 475
749 573
83
663
981 898
682
14
797 993
393
757
179
268
28
240
60
219
264 967
669
851
650
762 522
939
450
505
269 383
874
646
714 143
193
513 434
407 138
774 86
245
178
592
135
197
523 568
325
924
740 705
778
942
134 873
205
441
259 238
917
207 566
976
701 828
654
142
580 183
802
280 904
690
546
777
67 879
588
301
25
771
684 737
498 817
416
320
449 884
391
423
297 163
623
3
725
168 763
222
527 66
412
499
19
593
761
965 338
81
430
969
973 206
627
759 6
346
445 53
953 673
880
859
251
235
526
451
850
336 521
400
329
315
977 927
806 20
257 144
200 262
729
649
807
310 589
327 188
410 133
140
746
223 700
278
506
165 510
978
109
186
247
237 105
221 76
512 353
631 256
502
476 162
836
120
537 909
