750
930 426
135
28
448
775
400
306 659
630 525
326
980 834
395 465
966
730
541
14
965 338
232
193
451
389
944
508
975
386 242
755
217
768
107
225
54 949
165 510
275
140
973 206
481 93
761
374
553 912
265
946 622
917
670 88
506
713
332
778
658
145
735 227
957 128
681 710
537 909
348
656
739
325
533
631 256
948
41
885 587
357
282
814 85
239
456
988 686
202
484 455
851
832 156
694
550
535 528
810 586
149
39
51 511
257 144
90
45
445 53
453
515
959
591
822
862 496
382 876
369
268
72 469
404
112
974 335
497
311
479
308
477
59 384
212
442
933
893
233
634 91
728
241
914
350 562
359 920
106
762 522
462
134 873
612 118
711 598
82 801
178
329
137 464
431
969
114 151
677
787
979 995
703 795
738
164
98
116 665
87
994
977 927
38
747
618 941
405 226
125
127
929 609
289 419
623
7
782 173
167
935
43
35
372 172
916 155
463
46 683
19
491
843
197
757
150 716
539
470 947
74
641
536
667
538
848
263 398
732
708
11
989
938
563 601
661 903
174
743
595 307
406
119 123
317
987
439
552 689
790
103
159
292
73
264 967
707
842
990 838
342
207 566
331 544
963
719
430
671
92
258
368 244
379
421
942
280 904
141
712
81
278
56
309
71 129
509
567
820
416
478 15
63
523 568
526
733
361
905
64 444
83
274
184
551
781 273
881 943
724
560
115 131
615 399
401 699
310 589
981 898
770 253
811
488
216
578 402
764
614
296
177
836
731 695
9
186
572 789
272
247
570
495 883
17
425
13
786
302
692
67 879
714 143
924
393
857 633
450
693
901 861
69 599
936
254
298
646
170
934 715
381
111
27 617
185 911
774 86
812
821
596
791
698 443
291 765
561
313
702
120
651 996
391
648
939
334
397
101 835
722
347
417 158
953 673
955
740 705
865
542 475
529 337
321 375
62
126 102
527 66
827
1
655
341 55
593
376 40
104 285
505
964
213
5
0 760
555
75
171 503
867
833 117
437 418
919 459
210
784
766
639
433
142
972
328
797 993
377
48
855
841 726
816 355
605
767
409 324
60
888
706
3
891 96
624 344
364
997
220
741
283
908
792
954
794 866
30 94
557
580 183
720 999
200 262
490 984
483
514
902 590
16
333
889
875
362
436
23
863
205
380
336 521
684 737
411
429
690
10 577
548 773
823
314
629
284
294
440
627
575
890
259 238
746
255
581 991
209
300
854
978
121
235
192
744 471
815
517 65
387
44 800
607 752
759 6
531
923
168 763
921
807
286
12 853
182 813
532
229
78
394 474
21
569
26 58
446
240
47 897
327 188
687
154
998
654
246 318
808 620
907
858 97
269 383
682
276
809
189
839
887
864
271 31
68 657
547 365
644
882 918
132
482 709
636 750
18 288
779
585 928
498 817
749 573
649
619 818
349
312
626
37 249
982 603
652
234 57
592
727
512 353
261
50
824 937
223 700
236 32
926
826
458 366
576
231 524
869
992
513 434
460
305
849
594
758 968
742
410 133
540
632 945
597
769 415
504
139
251
351
408 847
734
330 793
360
293
486
896
606
42
874
356
468
878
830
354
664 61
420
628 290
201
886
160 696
287
438 653
77
502
777
691
625 666
413 373
181
642
187
718
663
208
679
299
717 466
367
29
358
872 152
485
346
179
900
805 796
221 76
371 958
25
825 385
492 80
559
467
407 138
672
602
986
932 545
844
799
860
600 204
323
4
754
729
113
645
516
507
222
685 579
611
441
736
621
136
616
519
322 894
319
22
176
388 339
913
24
829
100
148
701 828
870
89
819
370
52 534
423
725
783 608
640
583 147
297 163
316
196
427 252
565
489
99 635
688
837 345
130 190
124 487
195 95
2 910
852
320
546
476 162
962
868 79
224 153
678
295 846
281
215 961
899
230
237 105
472
922
435
951
785
203
396
228
638
518 753
219
680
36 432
554
574
520
352
613
925
637 403
378
931
772
414 461
49 248
84 558
850
166
211
543 643
157 343
704
260
871 424
161 390
604
956 494
780
831
315
493
304 266
191 146
109
798 985
983
950
480
582 363
473
499
122
960 675
245
584
250 697
556
745
340
803
500
454 270
650
877
845
895
218 856
971
610
412
647
169 180
588
776
214 721
277
676 108
788 952
976
880
267
301
806 20
748
915 940
530
970
279
422 662
669
892 243
802
859
70
194
449 884
447 564
668 175
303
392 452
110
8 751
34
457
756
33
428 501
840 198
660 571
906
549
723
771
804
199 674
