750
639
502
759 6
864
331 544
228
268
583 147
893
261
420
802
735 227
103
267
740 705
361
107
405 226
78
694
857 633
104 285
711 598
880
514
231 524
309
875
62
111
889
692
306 659
386 242
936
388 339
797 993
305
812
42
790
533
137 464
899
215 961
527 66
908
878
241
656
563 601
462
472
646
762 522
25
636 750
437 418
944
220
116 665
354
203
192
720 999
538
395 465
322 894
132
708
196
491
682
16
149
529 337
201
933
29
454 270
414 461
642
824 937
481 93
497
845
271 31
197
825 385
37 249
948
923
712
917
393
784
371 958
960 675
851
69 599
142
333
397
553 912
291 765
84 558
284
92
992
457
110
287
955
977 927
631 256
810 586
5
569
150 716
822
658
435
638
33
836
671
315
216
743
823
517 65
849
974 335
611
279
473
320
988 686
870
202
688
811
359 920
770 253
182 813
755
987
321 375
181
195 95
859
199 674
798 985
125
52 534
109
916 155
830
1
504
806 20
963
67 879
863
652
24
185 911
251
650
236 32
74
482 709
580 183
966
585 928
127
767
50
574
685 579
871 424
548 773
157 343
98
513 434
628 290
22
766
877
604
624 344
713
888
739
924
687
165 510
229
702
844
530
408 847
377
416
260
619 818
154
376 40
205
555
986
758 968
618 941
433
850
263 398
588
518 753
921
640
121
975
892 243
184
831
495 883
809
552 689
336 521
316
240
409 324
368 244
387
644
46 683
957 128
458 366
340
742
680
905
51 511
378
764
629
980 834
282
885 587
602
855
332
832 156
782 173
234 57
120
412
233
358
113
769 415
221 76
690
723
756
14
60
445 53
370
771
535 528
930 426
350 562
413 373
254
982 603
976
468
559
962
724
394 474
506
148
357
607 752
7
630 525
606
280 904
319
841 726
655
430
71 129
612 118
581 991
135
698 443
526
531
500
964
778
3
804
610
803
594
122
691
956 494
400
565
423
542 475
616
356
532
922
44 800
614
36 432
264 967
730
926
970
209
134 873
139
346
431
523 568
295 846
281
176
276
783 608
578 402
210
160 696
223 700
23
560
820
667
314
969
805 796
9
754
189
77
749 573
516
725
427 252
21
274
169 180
938
508
625 666
677
745
170
191 146
313
379
323
990 838
245
981 898
641
595 307
70
4
27 617
30 94
303
840 198
470 947
56
895
34
719
998
672
484 455
259 238
64 444
717 466
145
73
925
736
788 952
972
615 399
43
81
308
401 699
83
654
304 266
348
186
543 643
953 673
164
297 163
761
567
890
819
289 419
728
310 589
747
613
283
570
19
477
275
136
440
827
48
63
381
328
738
483
732
833 117
537 909
576
541
722
868 79
900
450
815
575
49 248
637 403
915 940
706
59 384
557
214 721
480
929 609
572 789
269 383
498 817
28
239
460
311
661 903
886
126 102
439
294
124 487
330 793
551
99 635
391
448
954
438 653
757
141
360
213
301
114 151
171 503
10 577
651 996
814 85
207 566
217
931
989
781 273
87
449 884
663
919 459
18 288
436
230
392 452
478 15
374
623
792
493
509
536
605
352
994
463
488
257 144
174
90
341 55
351
219
621
208
774 86
540
177
669
676 108
17
808 620
660 571
701 828
593
727
547 365
837 345
179
746
550
451
826
479
446
596
347
255
106
582 363
703 795
367
935
232
300
507
906
973 206
785
41
939
584
47 897
485
167
591
539
380
278
744 471
668 175
829
389
648
887
369
492 80
865
364
406
325
634 91
679
729
867
807
45
499
951
212
882 918
286
250 697
302
515
489
293
299
224 153
896
670 88
476 162
404
681 710
222
902 590
741
997
362
950
786
632 945
329
932 545
168 763
592
421
734
839
467
843
225
8 751
265
891 96
441
549
82 801
874
326
247
971
237 105
597
54 949
490 984
410 133
704
842
872 152
35
780
913
860
396
417 158
486
914
901 861
38
791
100
312
298
600 204
166
794 866
277
429
768
799
693
512 353
718
787
372 172
979 995
75
664 61
422 662
200 262
907
292
89
218 856
161 390
334
342
12 853
626
130 190
627
848
731 695
178
983
862 496
816 355
349
115 131
442
934 715
411
748
959
317
779
775
777
72 469
546
13
39
119 123
858 97
140
554
505
101 835
519
684 737
453
678
707
852
821
942
246 318
520
235
556
425
854
0 760
447 564
428 501
561
456
714 143
11
327 188
187
194
733
965 338
272
258
776
296
772
647
978
68 657
869
881 943
645
649
26 58
211
382 876
407 138
112
2 910
193
946 622
159
