750
3
759 6
5
49 248
919 459
215 961
492 80
688
892 243
135
107
872 152
833 117
261
260
165 510
717 466
381
774 86
488
775
779
356
159
401 699
193
4
896
708
867
182 813
448
560
481 93
990 838
386 242
265
923
301
851
535 528
199 674
729
668 175
422 662
8 751
980 834
237 105
628 290
714 143
110
557
332
858 97
239
26 58
875
289 419
317
236 32
966
352
484 455
762 522
72 469
425
543 643
736
809
495 883
33
508
39
456
219
50
529 337
207 566
336 521
594
393
777
389
504
449 884
887
725
556
442
741
951
457
140
498 817
584
297 163
791
25
470 947
279
745
397
168 763
388 339
841 726
281
723
391
12 853
367
413 373
395 465
354
441
567
400
621
234 57
60
989
184
645
916 155
798 985
782 173
502
550
100
735 227
658
75
109
602
639
533
509
816 355
349
302
87
637 403
18 288
712
313
211
148
431
478 15
518 753
992
77
596
585 928
663
527 66
361
394 474
850
490 984
554
531
935
378
650
576
581 991
222
946 622
575
216
311
649
17
125
551
552 689
592
899
733
802
906
901 861
21
583 147
120
766
230
64 444
23
924
433
255
254
160 696
604
359 920
330 793
322 894
54 949
641
406
632 945
614
857 633
631 256
186
652
52 534
30 94
734
315
347
122
98
905
821
348
600 204
707
218 856
913
885 587
859
690
780
660 571
47 897
537 909
10 577
70
981 898
45
784
806 20
667
181
975
334
684 737
362
268
569
570
541
225
360
392 452
267
718
611
871 424
517 65
582 363
615 399
166
312
450
794 866
414 461
278
42
176
702
907
820
960 675
532
830
810 586
149
463
333
145
553 912
298
438 653
963
681 710
485
593
116 665
342
942
489
295 846
179
473
420
610
933
246 318
878
526
931
634 91
154
247
516
130 190
421
619 818
595 307
126 102
314
588
92
282
112
862 496
387
848
986
768
888
926
291 765
711 598
195 95
467
822
224 153
767
231 524
636 750
482 709
982 603
440
150 716
743
170
671
625 666
429
84 558
944
642
81
607 752
446
843
357
430
959
664 61
119 123
404
37 249
781 273
491
13
472
623
351
792
214 721
680
788 952
644
757
618 941
59 384
805 796
62
423
327 188
719
439
43
350 562
46 683
436
185 911
44 800
845
321 375
824 937
411
460
445 53
803
269 383
787
983
572 789
886
300
304 266
328
515
713
772
435
917
428 501
891 96
969
563 601
849
727
669
205
770 253
994
310 589
925
280 904
738
815
807
174
627
915 940
296
540
194
259 238
661 903
971
191 146
372 172
877
329
854
358
748
0 760
235
837 345
988 686
964
271 31
790
407 138
685 579
14
756
497
703 795
783 608
1
479
597
900
221 76
16
785
379
74
453
286
263 398
272
294
451
819
691
48
842
530
374
893
382 876
305
209
208
245
646
670 88
132
629
277
287
483
241
844
957 128
574
326
364
24
523 568
605
325
612 118
962
410 133
520
468
200 262
137 464
486
754
978
895
812
458 366
309
56
499
417 158
408 847
251
997
480
369
938
114 151
197
955
99 635
539
679
113
616
606
274
731 695
864
970
127
229
2 910
677
676 108
832 156
682
201
728
654
505
758 968
874
648
956 494
7
987
749 573
693
220
882 918
69 599
786
210
724
769 415
454 270
936
283
11
976
953 673
29
548 773
742
865
212
827
973 206
161 390
746
672
299
157 343
493
826
141
223 700
626
921
954
103
139
538
203
106
811
164
998
41
823
189
90
870
902 590
704
808 620
427 252
939
651 996
71 129
276
293
860
396
340
655
519
341 55
202
177
22
692
178
323
950
831
852
922
914
730
134 873
630 525
68 657
187
257 144
476 162
331 544
34
477
889
73
555
447 564
213
319
83
512 353
514
416
171 503
368 244
346
405 226
776
67 879
316
613
28
111
836
565
104 285
829
506
136
409 324
744 471
869
258
764
549
647
78
19
121
292
217
720 999
462
880
722
698 443
546
656
678
868 79
250 697
799
972
687
240
371 958
930 426
308
233
561
306 659
320
63
284
932 545
101 835
755
929 609
771
624 344
36 432
591
380
192
536
38
196
370
303
814 85
747
948
542 475
228
115 131
825 385
839
740 705
513 434
840 198
437 418
640
507
580 183
706
232
974 335
377
965 338
9
167
739
977 927
559
855
89
638
547 365
500
778
35
804
890
142
124 487
881 943
732
169 180
863
701 828
264 967
51 511
376 40
578 402
694
27 617
979 995
908
934 715
412
82 801
275
761
797 993
