750
359 920
685 579
595 307
100
103
457
559
310 589
340
275
342
27 617
468
929 609
822
664 61
215 961
63
196
106
654
691
678
349
688
109
905
569
986
38
489
636 750
757
4
212
279
135
60
462
667
311
67 879
623
46 683
730
388 339
298
684 737
157 343
28
825 385
371 958
488
799
719
356
875
368 244
260
413 373
982 603
990 838
291 765
539
37 249
994
754
235
59 384
762 522
442
451
232
913
842
161 390
907
184
650
485
837 345
326
951
509
277
362
423
936
132
902 590
816 355
829
255
924
809
268
992
532
165 510
885 587
428 501
717 466
554
274
72 469
707
84 558
454 270
185 911
864
886
548 773
393
626
126 102
756
794 866
565
1
749 573
484 455
448
254
230
892 243
621
239
933
222
676 108
467
111
92
301
580 183
21
896
23
921
99 635
52 534
199 674
258
614
263 398
863
498 817
956 494
114 151
646
430
44 800
14
858 97
728
74
852
741
518 753
302
470 947
702
299
944
520
585 928
694
541
409 324
839
784
612 118
535 528
330 793
966
435
49 248
771
742
124 487
814 85
169 180
405 226
785
502
176
304 266
824 937
205
447 564
372 172
513 434
854
915 940
939
736
670 88
491
159
611
2 910
281
229
851
115 131
533
336 521
119 123
770 253
325
706
25
112
932 545
638
777
174
225
181
843
759 6
925
429
526
893
306 659
698 443
672
282
305
233
581 991
101 835
935
652
619 818
476 162
43
87
417 158
671
247
583 147
530
743
45
284
819
22
328
104 285
857 633
618 941
217
962
988 686
774 86
661 903
122
481 93
35
460
392 452
314
746
473
0 760
890
584
70
354
346
313
334
350 562
718
164
740 705
367
727
574
450
453
720 999
69 599
600 204
213
867
357
624 344
615 399
297 163
681 710
557
78
394 474
803
989
860
300
382 876
889
479
139
963
320
396
651 996
441
492 80
272
596
998
938
9
389
547 365
812
267
804
218 856
868 79
588
553 912
148
458 366
820
629
836
979 995
412
347
160 696
725
811
506
11
387
507
788 952
482 709
54 949
380
107
490 984
649
327 188
29
594
406
166
682
209
970
416
149
693
881 943
358
329
315
505
772
292
953 673
560
278
187
767
555
971
630 525
647
790
517 65
98
833 117
527 66
234 57
865
427 252
331 544
537 909
663
805 796
729
959
48
220
36 432
593
445 53
186
848
723
421
872 152
972
440
957 128
782 173
323
231 524
456
264 967
908
381
844
732
887
269 383
604
401 699
201
195 95
137 464
739
504
899
669
735 227
758 968
410 133
75
8 751
572 789
582 363
810 586
602
10 577
477
775
821
259 238
655
692
731 695
831
983
546
634 91
34
500
997
136
283
923
42
877
189
540
964
3
200 262
319
787
293
386 242
543 643
645
352
19
981 898
81
150 716
567
12 853
197
802
17
379
704
841 726
563 601
7
47 897
90
191 146
969
377
110
639
514
769 415
640
660 571
780
766
597
154
391
493
733
351
89
974 335
71 129
948
987
303
531
26 58
781 273
316
177
257 144
642
827
954
24
755
826
56
486
168 763
840 198
51 511
807
214 721
515
556
18 288
734
950
830
228
516
891 96
407 138
463
917
815
519
832 156
438 653
870
265
690
764
880
606
341 55
374
792
404
930 426
499
192
433
882 918
680
170
370
862 496
33
978
786
713
207 566
976
845
251
397
823
783 608
395 465
748
246 318
542 475
616
798 985
50
5
446
211
182 813
628 290
776
221 76
321 375
308
414 461
973 206
576
145
82 801
271 31
219
203
478 15
116 665
294
369
901 861
895
714 143
422 662
68 657
942
361
276
120
140
625 666
400
512 353
747
64 444
127
778
312
627
906
280 904
575
142
975
850
552 689
360
439
679
703 795
210
849
570
768
859
317
130 190
874
113
30 94
125
171 503
497
946 622
179
261
744 471
73
83
631 256
550
529 337
797 993
240
613
508
295 846
711 598
216
641
965 338
919 459
791
761
977 927
16
62
408 847
724
916 155
178
77
250 697
960 675
431
779
224 153
364
712
637 403
605
333
592
287
687
237 105
322 894
411
436
202
296
193
289 419
931
472
677
551
483
223 700
141
41
449 884
922
900
561
878
549
286
888
808 620
437 418
648
806 20
578 402
495 883
348
955
722
194
644
236 32
39
121
658
855
309
607 752
538
378
420
914
869
926
376 40
13
980 834
591
668 175
134 873
208
480
536
632 945
245
701 828
241
708
332
656
934 715
738
523 568
167
610
425
871 424
745
