750
362
582 363
989
584
171 503
867
537 909
550
292
495 883
186
63
115 131
893
74
132
626
723
923
644
99 635
974 335
250 697
919 459
219
757
41
457
768
165 510
754
606
59 384
512 353
277
112
410 133
11
121
618 941
322 894
607 752
639
359 920
352
241
12 853
641
470 947
360
28
5
924
990 838
878
668 175
77
631 256
140
429
516
552 689
802
509
104 285
706
742
840 198
658
310 589
954
340
367
368 244
520
610
422 662
69 599
929 609
446
799
441
830
613
451
778
821
300
997
660 571
811
572 789
141
394 474
174
416
832 156
888
126 102
401 699
286
450
895
29
859
489
309
119 123
759 6
182 813
484 455
685 579
64 444
684 737
914
722
823
701 828
805 796
497
319
749 573
770 253
868 79
707
477
539
276
523 568
130 190
803
176
87
195 95
655
630 525
142
14
588
483
45
932 545
90
574
354
712
485
980 834
81
513 434
181
713
532
0 760
297 163
784
636 750
632 945
265
755
986
52 534
71 129
956 494
341 55
428 501
480
184
302
570
295 846
874
404
998
762 522
179
730
908
769 415
747
145
922
70
160 696
682
917
546
193
578 402
159
988 686
621
790
900
306 659
551
476 162
405 226
490 984
946 622
456
651 996
543 643
507
885 587
933
580 183
970
978
698 443
189
731 695
268
60
831
926
232
135
925
652
164
792
746
771
221 76
336 521
569
370
8 751
468
533
693
49 248
794 866
767
729
776
951
882 918
231 524
717 466
278
298
161 390
472
73
972
454 270
848
229
983
732
19
481 93
389
372 172
305
535 528
677
814 85
948
203
254
48
223 700
774 86
303
783 608
255
148
423
681 710
775
661 903
491
284
381
891 96
809
764
332
565
350 562
304 266
810 586
315
100
581 991
735 227
536
392 452
858 97
634 91
111
672
46 683
938
871 424
862 496
973 206
21
331 544
237 105
473
807
687
836
877
549
930 426
30 94
289 419
824 937
38
977 927
843
421
741
202
1
506
239
246 318
387
271 31
453
25
408 847
819
279
149
591
321 375
538
92
467
283
804
575
679
437 418
261
820
944
515
43
435
110
312
593
109
981 898
517 65
966
611
863
560
412
969
257 144
994
781 273
234 57
915 940
83
645
68 657
614
98
526
275
939
139
348
850
567
488
680
708
880
54 949
170
166
727
23
328
236 32
594
812
116 665
458 366
530
854
647
194
293
656
921
334
177
89
134 873
414 461
559
127
498 817
596
7
663
154
782 173
294
870
851
122
47 897
719
766
281
200 262
806 20
217
84 558
124 487
247
18 288
136
702
786
493
17
906
120
602
440
308
881 943
16
839
718
671
777
230
220
797 993
492 80
137 464
692
272
965 338
724
460
736
311
9
72 469
3
187
349
637 403
396
725
788 952
502
901 861
962
628 290
827
377
808 620
323
791
62
280 904
228
299
330 793
547 365
623
245
427 252
982 603
541
327 188
486
612 118
213
756
325
542 475
296
916 155
347
364
892 243
615 399
886
438 653
902 590
896
779
711 598
51 511
107
714 143
936
743
361
957 128
67 879
688
787
216
975
433
864
374
833 117
316
953 673
585 928
499
576
157 343
314
739
825 385
33
463
233
583 147
738
971
27 617
393
529 337
842
798 985
258
196
758 968
191 146
479
240
212
855
75
642
816 355
860
553 912
447 564
329
320
555
527 66
676 108
411
780
150 716
519
369
826
425
34
869
852
992
899
409 324
600 204
346
287
4
400
357
482 709
42
976
114 151
264 967
728
235
397
654
518 753
500
222
406
640
376 40
548 773
563 601
462
317
691
907
561
420
865
215 961
844
78
592
251
669
388 339
540
267
772
841 726
748
890
260
417 158
837 345
197
50
597
744 471
605
291 765
430
734
650
964
431
326
259 238
82 801
761
37 249
39
963
955
185 911
720 999
664 61
557
849
263 398
391
905
56
625 666
199 674
934 715
35
554
178
342
648
225
192
379
872 152
845
875
10 577
101 835
887
218 856
678
22
168 763
649
201
205
382 876
356
504
211
694
224 153
378
604
942
210
690
103
979 995
380
624 344
167
44 800
889
619 818
386 242
445 53
514
616
785
413 373
395 465
371 958
857 633
207 566
556
407 138
282
935
508
959
106
950
351
208
24
13
449 884
36 432
313
913
169 180
269 383
646
505
333
301
209
448
931
442
667
629
274
733
815
2 910
595 307
638
113
26 58
670 88
960 675
439
987
703 795
704
358
627
740 705
745
478 15
125
531
829
436
822
214 721
