750
676 108
733
654
769 415
530
139
623
640
389
691
728
312
505
115 131
387
78
267
935
924
299
908
251
594
914
597
174
236 32
992
840 198
404
436
970
157 343
632 945
735 227
302
874
47 897
392 452
264 967
614
532
989
7
885 587
291 765
787
59 384
631 256
827
595 307
473
314
806 20
281
739
422 662
269 383
704
554
962
732
636 750
45
430
261
557
572 789
754
265
321 375
905
3
178
553 912
779
211
184
16
581 991
217
476 162
951
495 883
815
286
593
14
792
192
275
90
323
240
592
988 686
702
219
734
107
871 424
972
694
830
360
121
484 455
526
109
758 968
567
145
356
497
13
569
319
867
955
998
860
301
51 511
352
220
668 175
479
870
863
829
808 620
826
706
89
24
693
193
624 344
341 55
394 474
977 927
393
963
142
456
692
627
374
519
361
727
317
825 385
70
165 510
844
449 884
488
199 674
843
52 534
60
560
467
997
583 147
959
245
766
745
493
176
135
315
517 65
132
784
771
159
274
781 273
30 94
850
92
283
119 123
980 834
423
441
854
717 466
0 760
298
900
698 443
542 475
798 985
189
630 525
164
857 633
882 918
414 461
923
797 993
257 144
421
682
814 85
224 153
548 773
357
296
446
481 93
824 937
851
865
565
887
711 598
232
978
416
965 338
755
774 86
890
336 521
605
877
297 163
982 603
454 270
327 188
233
934 715
23
433
276
431
489
628 290
425
518 753
35
120
764
362
845
437 418
543 643
578 402
1
218 856
954
964
197
966
552 689
451
320
588
513 434
862 496
990 838
823
499
858 97
308
428 501
150 716
334
670 88
669
412
957 128
768
38
616
602
714 143
330 793
584
615 399
42
529 337
113
658
677
822
325
37 249
536
913
731 695
539
470 947
872 152
805 796
811
406
570
367
140
821
331 544
458 366
508
618 941
848
260
171 503
112
313
761
741
17
304 266
26 58
332
84 558
43
348
971
783 608
477
925
36 432
349
810 586
931
11
541
478 15
685 579
626
62
895
125
749 573
809
842
223 700
19
746
802
71 129
182 813
106
136
625 666
381
396
445 53
328
515
130 190
641
538
531
342
656
667
546
888
483
644
77
127
767
370
679
561
311
547 365
207 566
634 91
205
322 894
960 675
247
116 665
300
915 940
917
201
803
864
535 528
209
772
64 444
87
195 95
359 920
215 961
364
28
380
942
280 904
111
33
906
114 151
638
200 262
891 96
333
407 138
490 984
775
408 847
523 568
63
282
729
974 335
203
447 564
969
46 683
410 133
869
932 545
259 238
973 206
832 156
411
637 403
225
681 710
502
382 876
202
926
386 242
556
10 577
391
486
648
292
21
896
354
148
68 657
457
29
485
420
450
647
295 846
736
49 248
663
650
744 471
540
899
272
816 355
819
549
533
480
707
639
596
762 522
868 79
929 609
462
688
836
258
680
83
289 419
168 763
293
294
368 244
246 318
730
340
98
82 801
255
161 390
306 659
738
213
889
149
740 705
652
101 835
229
742
74
886
99 635
279
780
664 61
395 465
400
936
514
804
210
287
713
580 183
438 653
208
916 155
550
892 243
509
574
169 180
378
782 173
563 601
351
440
50
807
778
491
831
413 373
401 699
661 903
859
520
921
228
417 158
690
759 6
303
376 40
194
191 146
75
177
701 828
278
629
214 721
619 818
725
126 102
799
166
498 817
907
723
409 324
170
975
516
141
216
329
44 800
472
939
645
938
944
948
25
812
235
575
852
794 866
347
986
372 172
160 696
902 590
69 599
185 911
841 726
369
237 105
881 943
492 80
607 752
919 459
512 353
922
439
48
104 285
134 873
757
719
981 898
187
310 589
18 288
585 928
377
756
646
612 118
379
463
591
388 339
103
527 66
983
611
555
167
371 958
34
405 226
56
837 345
186
268
776
482 709
154
73
703 795
933
849
221 76
212
137 464
672
67 879
277
122
326
316
196
559
994
9
855
671
610
606
743
820
788 952
976
358
833 117
785
442
100
284
621
39
655
576
839
649
551
642
582 363
230
722
724
81
350 562
720 999
181
271 31
27 617
429
435
901 861
468
604
791
234 57
254
124 487
651 996
956 494
875
305
660 571
41
506
600 204
777
5
880
460
770 253
786
110
12 853
4
953 673
22
231 524
708
448
239
930 426
309
241
250 697
893
8 751
687
946 622
72 469
507
2 910
397
718
537 909
878
987
504
950
979 995
346
712
179
222
263 398
747
54 949
453
500
427 252
790
678
748
684 737
613
