750
458 366
790
481 93
202
26 58
416
829
301
615 399
470 947
724
2 910
533
213
359 920
179
423
907
72 469
517 65
283
154
472
422 662
114 151
983
749 573
663
294
308
761
823
24
340
551
197
0 760
799
42
651 996
412
530
807
233
329
955
435
120
639
293
211
404
27 617
483
826
981 898
850
240
874
859
727
725
386 242
719
381
687
232
989
764
626
711 598
393
316
824 937
346
255
277
99 635
855
567
323
706
837 345
222
82 801
532
260
247
783 608
68 657
298
431
782 173
299
70
300
411
650
821
831
899
507
592
748
35
208
348
814 85
110
921
392 452
942
69 599
275
282
679
78
327 188
774 86
239
315
478 15
652
187
328
4
871 424
479
11
124 487
268
976
428 501
531
893
125
258
913
196
84 558
382 876
109
48
732
868 79
46 683
969
735 227
410 133
442
535 528
140
634 91
677
610
189
704
185 911
606
933
439
295 846
325
553 912
476 162
214 721
306 659
25
406
28
597
267
351
497
953 673
161 390
951
312
87
845
10 577
728
89
781 273
891 96
880
230
157 343
844
224 153
987
629
862 496
480
221 76
833 117
703 795
45
682
331 544
212
54 949
740 705
607 752
563 601
642
654
122
784
440
310 589
815
457
929 609
350 562
33
602
660 571
59 384
537 909
578 402
71 129
919 459
543 643
895
638
486
744 471
514
414 461
747
106
560
780
593
671
644
881 943
302
970
341 55
756
848
420
957 128
14
956 494
468
265
762 522
64 444
103
641
362
314
29
380
792
303
170
944
378
557
922
297 163
200 262
959
139
736
882 918
596
745
684 737
575
354
394 474
292
787
241
694
931
81
678
319
600 204
136
73
225
135
746
367
822
210
804
580 183
453
313
536
451
75
661 903
67 879
505
914
875
519
516
304 266
819
209
723
149
889
708
305
869
376 40
860
776
18 288
160 696
938
647
317
142
369
729
755
41
462
766
364
779
492 80
896
321 375
864
502
186
554
368 244
624 344
44 800
235
583 147
691
935
126 102
148
83
965 338
309
456
74
259 238
150 716
98
722
754
594
803
878
917
584
994
559
281
812
849
237 105
236 32
101 835
900
973 206
405 226
770 253
430
396
526
401 699
374
520
22
377
905
395 465
619 818
549
926
712
627
788 952
271 31
857 633
757
841 726
901 861
591
445 53
352
251
164
250 697
974 335
863
463
936
548 773
7
397
820
201
892 243
389
322 894
930 426
9
738
167
223 700
43
906
413 373
192
19
932 545
806 20
450
972
485
867
676 108
529 337
758 968
488
112
438 653
171 503
870
649
90
555
865
278
107
63
181
137 464
291 765
199 674
276
565
645
916 155
49 248
320
477
159
92
56
498 817
168 763
39
986
111
990 838
613
631 256
690
572 789
739
508
509
261
693
547 365
425
839
141
194
218 856
655
527 66
119 123
370
436
100
825 385
449 884
616
429
269 383
504
342
421
193
997
595 307
628 290
805 796
658
778
38
115 131
274
219
605
808 620
121
656
743
37 249
742
830
229
207 566
231 524
500
777
887
858 97
17
885 587
636 750
574
12 853
713
811
540
518 753
852
51 511
960 675
542 475
698 443
672
975
982 603
217
718
23
1
569
832 156
664 61
433
264 967
979 995
816 355
786
495 883
992
284
570
127
130 190
349
280 904
681 710
77
387
670 88
60
637 403
950
836
145
730
8 751
16
581 991
692
798 985
113
499
734
178
357
924
371 958
768
552 689
851
623
263 398
948
205
513 434
731 695
515
254
36 432
688
332
611
714 143
890
203
191 146
246 318
336 521
772
954
467
797 993
934 715
802
460
441
612 118
220
582 363
667
680
391
962
791
630 525
733
50
407 138
720 999
604
216
810 586
585 928
104 285
614
576
925
717 466
963
794 866
446
877
177
195 95
34
215 961
296
809
843
621
333
771
541
775
980 834
400
311
827
358
707
685 579
360
506
977 927
946 622
330 793
482 709
490 984
166
618 941
640
512 353
538
493
840 198
669
473
842
769 415
334
388 339
539
289 419
3
361
702
437 418
184
988 686
767
182 813
287
556
966
915 940
234 57
902 590
286
176
939
52 534
908
785
132
971
491
165 510
447 564
978
854
5
454 270
886
632 945
872 152
888
169 180
326
372 172
272
448
523 568
13
174
245
379
561
47 897
701 828
741
279
646
228
964
998
588
116 665
134 873
347
417 158
30 94
923
648
427 252
550
62
409 324
484 455
546
625 666
668 175
21
356
408 847
759 6
257 144
489
