750
495 883
132
944
723
401 699
970
213
359 920
651 996
746
533
882 918
404
973 206
212
694
860
24
406
104 285
126 102
972
787
664 61
615 399
45
732
572 789
124 487
12 853
547 365
379
634 91
37 249
468
71 129
648
331 544
986
555
376 40
214 721
251
272
661 903
332
790
281
237 105
712
687
499
982 603
154
219
463
942
92
68 657
477
707
297 163
554
208
887
435
493
176
682
647
298
865
725
829
222
350 562
584
11
843
693
742
825 385
489
370
185 911
610
527 66
326
446
328
239
611
287
39
314
311
926
885 587
745
988 686
202
378
595 307
18 288
841 726
872 152
263 398
189
127
90
768
410 133
235
122
849
966
641
596
863
351
63
300
217
137 464
221 76
317
971
744 471
929 609
377
178
115 131
946 622
30 94
628 290
73
854
855
246 318
600 204
727
778
454 270
280 904
679
741
771
766
381
842
240
565
936
607 752
425
738
560
954
698 443
196
413 373
234 57
282
436
371 958
758 968
29
109
451
320
292
797 993
56
803
833 117
447 564
956 494
220
549
826
914
824 937
169 180
78
802
581 991
612 118
478 15
374
769 415
203
821
507
386 242
814 85
0 760
254
783 608
241
391
25
578 402
708
858 97
411
672
120
604
583 147
669
41
684 737
81
505
441
755
819
517 65
948
167
405 226
313
279
321 375
309
13
341 55
974 335
513 434
348
192
859
28
304 266
605
233
17
767
602
711 598
553 912
514
51 511
645
585 928
543 643
613
764
23
448
625 666
530
862 496
519
358
836
75
685 579
134 873
754
512 353
998
265
364
730
713
706
649
470 947
626
438 653
397
582 363
497
702
498 817
9
794 866
852
531
460
380
445 53
161 390
440
312
268
983
333
174
342
139
428 501
114 151
714 143
4
542 475
46 683
557
476 162
939
259 238
621
453
632 945
594
916 155
258
224 153
336 521
627
785
504
462
100
125
551
150 716
484 455
539
106
360
352
356
759 6
179
980 834
792
347
704
319
481 93
844
743
561
393
509
681 710
423
458 366
791
535 528
799
654
197
734
902 590
299
456
502
148
264 967
784
420
283
569
293
218 856
630 525
400
506
614
810 586
395 465
430
747
42
656
831
49 248
848
880
473
772
987
906
816 355
302
950
303
869
957 128
165 510
19
10 577
892 243
850
480
16
296
414 461
729
915 940
140
736
638
786
938
868 79
168 763
488
3
308
550
47 897
295 846
775
541
851
508
171 503
516
671
8 751
619 818
1
349
187
482 709
930 426
529 337
895
921
692
703 795
5
720 999
779
340
989
74
526
667
660 571
334
832 156
896
322 894
301
805 796
537 909
631 256
807
437 418
717 466
330 793
642
655
811
294
141
260
44 800
231 524
780
680
748
60
691
518 753
112
979 995
606
690
38
107
875
184
774 86
890
932 545
618 941
777
728
490 984
195 95
201
951
864
232
467
26 58
394 474
431
523 568
427 252
788 952
215 961
922
719
718
975
636 750
597
2 910
532
346
576
103
959
644
540
962
367
538
931
362
286
149
933
193
701 828
164
640
891 96
170
111
964
70
878
646
110
271 31
269 383
893
145
357
316
840 198
14
888
361
812
781 273
472
934 715
637 403
211
722
389
591
442
806 20
650
678
756
325
874
21
935
87
663
407 138
845
624 344
392 452
210
82 801
735 227
552 689
483
207 566
492 80
563 601
889
639
870
491
64 444
166
877
905
83
955
809
291 765
225
72 469
776
113
278
236 32
22
382 876
354
289 419
417 158
593
422 662
199 674
899
457
388 339
592
804
976
733
284
449 884
867
306 659
33
191 146
429
275
782 173
798 985
724
329
623
567
652
923
310 589
997
250 697
159
839
977 927
919 459
412
181
486
372 172
992
36 432
815
981 898
194
925
119 123
186
136
229
762 522
450
500
808 620
255
886
305
228
35
223 700
409 324
54 949
323
245
69 599
99 635
978
757
570
416
101 835
588
182 813
369
520
739
98
387
277
546
913
900
990 838
439
580 183
953 673
7
960 675
52 534
830
257 144
917
261
62
827
116 665
556
230
135
924
616
820
857 633
34
515
408 847
548 773
881 943
315
965 338
209
749 573
89
77
421
485
822
216
276
677
908
731 695
274
43
676 108
963
368 244
688
50
574
247
205
901 861
160 696
536
575
761
121
668 175
267
200 262
871 424
823
740 705
479
142
67 879
629
130 190
177
670 88
157 343
27 617
559
327 188
907
59 384
969
994
433
770 253
396
48
837 345
84 558
658
