750
276
780
410 133
48
530
810 586
9
210
315
223 700
850
100
230
54 949
391
549
875
677
978
771
104 285
458 366
576
213
477
554
754
92
933
329
616
776
610
59 384
671
139
896
639
906
486
711 598
400
830
291 765
427 252
269 383
196
596
260
541
279
707
303
240
507
185 911
341 55
679
215 961
4
78
99 635
997
556
837 345
618 941
892 243
758 968
560
652
785
778
42
787
977 927
205
43
235
229
166
593
889
41
212
942
935
885 587
744 471
476 162
957 128
132
981 898
825 385
621
191 146
722
30 94
386 242
199 674
408 847
900
361
113
192
790
708
438 653
179
380
388 339
472
286
976
701 828
22
107
770 253
301
923
150 716
125
661 903
442
379
84 558
756
930 426
46 683
839
98
306 659
181
448
588
421
120
149
865
8 751
506
377
533
729
517 65
966
630 525
302
826
539
627
268
200 262
563 601
714 143
490 984
451
414 461
557
905
189
692
980 834
47 897
783 608
956 494
731 695
702
407 138
676 108
600 204
649
11
774 86
849
547 365
888
992
605
660 571
340
690
261
336 521
636 750
309
170
413 373
251
342
354
75
944
26 58
512 353
68 657
712
575
412
74
457
81
784
953 673
193
437 418
51 511
250 697
656
509
717 466
17
891 96
538
267
283
323
527 66
704
13
394 474
638
805 796
499
814 85
939
263 398
769 415
786
798 985
502
295 846
867
551
548 773
358
449 884
762 522
222
815
135
208
529 337
38
519
694
781 273
195 95
124 487
580 183
50
169 180
877
289 419
488
397
669
857 633
823
644
505
201
591
115 131
161 390
87
604
854
791
513 434
691
77
734
597
69 599
931
792
858 97
922
348
236 32
831
543 643
887
395 465
134 873
767
27 617
569
728
330 793
693
245
60
713
425
954
919 459
515
766
990 838
761
39
625 666
581 991
855
902 590
417 158
822
197
623
723
224 153
881 943
460
970
741
526
18 288
264 967
932 545
467
955
583 147
207 566
971
159
416
934 715
239
352
645
294
389
23
749 573
167
964
186
531
231 524
322 894
572 789
684 737
848
718
356
852
483
951
275
537 909
747
233
946 622
680
313
969
280 904
157 343
446
5
667
518 753
25
733
320
574
864
872 152
372 172
232
646
915 940
913
140
10 577
688
561
799
974 335
374
174
982 603
304 266
148
393
917
271 31
844
447 564
948
308
312
440
788 952
225
542 475
187
874
983
987
578 402
782 173
642
297 163
963
378
441
7
809
287
871 424
142
101 835
274
929 609
658
725
0 760
532
736
989
119 123
816 355
535 528
698 443
514
33
14
29
755
16
218 856
611
314
37 249
21
615 399
56
727
886
327 188
901 861
668 175
585 928
936
859
24
52 534
916 155
663
221 76
998
171 503
640
141
63
868 79
346
445 53
428 501
237 105
959
463
553 912
350 562
160 696
802
914
960 675
908
36 432
559
938
703 795
833 117
925
655
3
214 721
994
479
111
895
779
381
811
35
552 689
491
265
456
110
730
49 248
154
592
628 290
371 958
759 6
735 227
136
370
211
614
406
806 20
62
392 452
678
803
317
305
626
202
582 363
114 151
176
184
612 118
284
629
584
137 464
396
841 726
493
836
103
986
681 710
219
298
777
404
748
360
497
328
258
478 15
492 80
632 945
439
975
719
641
300
411
812
827
126 102
347
121
540
349
326
1
299
687
480
106
387
565
296
899
473
164
282
555
504
498 817
450
259 238
607 752
272
359 920
745
500
246 318
468
664 61
90
824 937
130 190
2 910
893
12 853
647
357
368 244
973 206
310 589
807
72 469
926
217
870
804
808 620
651 996
83
706
241
820
70
122
489
979 995
257 144
255
746
840 198
420
523 568
682
536
819
436
334
234 57
435
863
333
422 662
168 763
89
860
254
228
880
278
194
484 455
45
595 307
116 665
112
768
832 156
654
613
772
950
972
28
67 879
606
321 375
907
882 918
670 88
482 709
311
594
34
550
332
281
178
650
367
331 544
430
797 993
316
470 947
453
177
842
869
878
821
82 801
648
757
203
495 883
520
485
794 866
637 403
19
720 999
44 800
409 324
851
429
775
619 818
64 444
376 40
764
634 91
546
351
924
109
247
182 813
732
742
843
209
71 129
921
362
672
369
602
220
516
508
829
216
890
292
325
624 344
319
405 226
739
454 270
685 579
401 699
431
740 705
145
462
567
965 338
988 686
631 256
165 510
293
743
127
862 496
845
570
73
724
364
277
962
423
738
481 93
382 876
433
