750
98
14
148
852
822
284
645
842
362
370
196
229
329
149
77
255
694
731 695
917
588
13
644
878
663
440
414 461
126 102
5
812
859
460
493
417 158
197
294
211
676 108
539
782 173
582 363
395 465
502
594
986
181
479
672
29
890
115 131
971
931
654
929 609
857 633
247
998
421
771
520
457
46 683
295 846
400
367
113
306 659
869
924
304 266
439
361
358
233
956 494
450
441
18 288
959
374
447 564
632 945
184
810 586
532
802
359 920
405 226
23
977 927
891 96
438 653
962
570
755
748
989
646
728
92
87
336 521
492 80
406
478 15
761
239
282
519
623
174
875
778
111
650
321 375
865
849
391
287
870
167
619 818
17
537 909
807
70
576
804
605
974 335
557
950
272
473
30 94
308
350 562
121
507
281
549
841 726
3
484 455
212
381
724
69 599
41
176
584
316
26 58
720 999
797 993
746
369
661 903
225
71 129
164
393
513 434
963
89
684 737
1
332
119 123
785
322 894
953 673
315
179
73
880
994
855
874
213
647
938
538
257 144
234 57
541
964
191 146
611
936
512 353
925
68 657
112
714 143
888
626
990 838
896
642
980 834
192
386 242
319
530
251
107
208
122
830
221 76
992
527 66
60
648
135
16
310 589
110
291 765
604
951
551
979 995
275
606
150 716
59 384
83
895
404
333
160 696
535 528
82 801
54 949
892 243
893
816 355
207 566
508
109
655
382 876
377
210
798 985
640
259 238
742
269 383
360
803
72 469
706
997
159
948
794 866
615 399
397
531
499
81
981 898
732
268
729
240
448
488
976
51 511
250 697
25
186
222
232
618 941
690
704
429
245
490 984
533
970
364
741
610
168 763
101 835
634 91
387
625 666
719
274
824 937
703 795
939
848
744 471
215 961
328
37 249
330 793
529 337
811
220
276
388 339
678
916 155
202
583 147
908
352
764
691
854
614
264 967
177
396
554
296
477
356
171 503
889
722
682
902 590
480
145
320
595 307
825 385
311
641
872 152
410 133
901 861
137 464
616
919 459
219
442
235
983
768
845
237 105
915 940
425
907
669
357
298
401 699
749 573
348
730
7
277
230
701 828
621
489
90
723
766
515
411
602
495 883
45
271 31
954
526
380
217
681 710
62
453
790
832 156
106
506
736
600 204
130 190
413 373
649
575
326
555
523 568
671
851
754
687
4
942
871 424
638
422 662
50
231 524
286
612 118
900
966
209
776
914
637 403
542 475
591
427 252
431
64 444
930 426
806 20
548 773
154
392 452
905
456
636 750
165 510
312
819
762 522
136
516
420
214 721
550
48
347
317
572 789
120
313
132
224 153
354
323
468
309
349
775
302
837 345
49 248
740 705
509
10 577
805 796
331 544
858 97
205
829
258
409 324
982 603
305
792
140
712
656
567
780
38
844
988 686
756
553 912
170
839
33
926
476 162
850
886
368 244
561
559
629
707
21
9
946 622
280 904
467
698 443
458 366
965 338
267
178
660 571
668 175
934 715
791
840 198
463
504
843
193
141
518 753
921
747
114 151
639
63
24
334
725
36 432
203
743
820
514
774 86
627
679
486
263 398
200 262
922
34
863
560
787
84 558
596
597
498 817
278
831
578 402
631 256
300
868 79
182 813
451
42
877
491
881 943
437 418
301
22
292
906
428 501
127
546
327 188
103
376 40
75
826
351
74
814 85
435
436
864
325
718
688
783 608
733
781 273
161 390
314
389
779
241
563 601
658
445 53
371 958
957 128
569
738
201
35
378
624 344
788 952
769 415
139
260
708
581 991
289 419
734
216
500
394 474
254
607 752
770 253
246 318
303
185 911
43
935
372 172
552 689
67 879
423
960 675
194
189
758 968
116 665
100
44 800
104 285
933
757
228
777
449 884
592
470 947
547 365
809
784
772
987
735 227
199 674
727
134 873
973 206
969
99 635
485
932 545
454 270
613
593
628 290
342
955
157 343
0 760
821
340
923
12 853
815
218 856
297 163
713
711 598
799
759 6
483
52 534
433
166
265
19
693
407 138
882 918
745
279
481 93
124 487
416
565
670 88
56
630 525
652
39
899
833 117
236 32
11
885 587
651 996
497
142
972
574
543 643
341 55
169 180
446
482 709
556
664 61
261
887
125
8 751
585 928
680
223 700
827
862 496
767
47 897
505
836
462
536
517 65
299
944
823
978
717 466
540
692
580 183
2 910
27 617
867
860
187
78
430
667
472
702
739
283
346
786
408 847
195 95
677
293
412
28
379
685 579
808 620
975
913
