750
60
441
725
561
368 244
498 817
857 633
642
887
708
592
477
526
205
678
702
49 248
430
19
504
130 190
3
393
585 928
135
935
808 620
855
125
277
626
410 133
268
141
171 503
39
429
628 290
397
802
841 726
59 384
320
514
254
819
804
921
781 273
875
362
442
412
915 940
925
106
463
482 709
371 958
427 252
311
732
327 188
17
569
563 601
670 88
786
986
150 716
69 599
976
748
963
520
73
574
132
99 635
717 466
341 55
237 105
948
286
919 459
641
734
136
218 856
356
422 662
981 898
860
538
560
323
299
186
284
246 318
182 813
547 365
739
826
557
46 683
917
115 131
719
347
361
735 227
33
317
812
16
631 256
939
81
972
228
926
224 153
493
714 143
257 144
160 696
988 686
886
296
264 967
485
9
922
460
729
992
742
576
724
974 335
148
570
35
539
488
92
372 172
638
980 834
191 146
845
275
655
814 85
588
676 108
325
998
82 801
677
555
798 985
214 721
37 249
497
294
414 461
816 355
872 152
848
122
200 262
888
807
914
210
868 79
103
624 344
809
26 58
470 947
217
905
582 363
768
454 270
489
799
280 904
75
823
634 91
281
881 943
413 373
533
250 697
530
207 566
481 93
790
336 521
747
395 465
234 57
231 524
142
762 522
18 288
387
251
120
656
693
340
77
688
636 750
882 918
438 653
532
951
754
189
727
805 796
181
349
646
308
378
513 434
605
541
360
965 338
193
982 603
516
743
519
43
787
208
849
690
680
293
901 861
321 375
468
328
749 573
550
196
382 876
423
774 86
110
745
445 53
333
126 102
34
396
297 163
994
979 995
740 705
546
572 789
302
194
629
21
420
780
140
667
930 426
472
67 879
104 285
685 579
456
565
663
50
178
658
971
515
30 94
975
858 97
45
322 894
291 765
907
391
476 162
707
27 617
597
644
776
502
305
492 80
405 226
127
433
871 424
269 383
219
936
892 243
23
329
964
703 795
203
552 689
934 715
578 402
314
197
298
756
669
168 763
235
535 528
377
185 911
309
10 577
782 173
584
660 571
453
157 343
209
357
137 464
388 339
479
889
351
265
829
877
815
223 700
334
386 242
549
71 129
212
611
933
499
825 385
811
411
610
771
107
842
959
559
706
536
639
48
25
687
518 753
718
870
211
648
681 710
167
505
245
580 183
594
508
953 673
764
957 128
448
672
38
630 525
788 952
833 117
954
668 175
797 993
711 598
114 151
869
731 695
84 558
772
467
615 399
369
87
255
843
229
161 390
654
551
370
602
7
240
425
616
637 403
44 800
767
664 61
997
213
581 991
942
810 586
241
174
332
661 903
14
761
310 589
692
389
840 198
839
380
736
52 534
650
111
548 773
713
649
523 568
287
595 307
199 674
195 95
376 40
728
891 96
621
401 699
944
177
484 455
165 510
279
852
278
970
720 999
352
326
567
614
895
11
694
632 945
83
830
342
113
300
607 752
458 366
5
109
303
72 469
987
698 443
890
184
159
42
744 471
258
769 415
784
507
312
225
101 835
462
431
865
956 494
924
593
64 444
440
261
896
239
827
304 266
407 138
439
417 158
878
899
12 853
354
274
612 118
583 147
671
618 941
486
880
62
166
679
478 15
803
722
640
236 32
625 666
313
232
682
509
263 398
292
604
591
529 337
542 475
491
176
119 123
98
863
651 996
446
701 828
946 622
766
222
989
540
738
348
74
41
116 665
215 961
24
553 912
457
406
712
691
932 545
791
806 20
757
741
435
272
820
955
850
392 452
121
330 793
145
374
364
202
778
746
495 883
758 968
192
22
149
179
859
367
230
929 609
54 949
613
282
759 6
619 818
394 474
346
301
900
864
437 418
977 927
447 564
295 846
831
358
436
8 751
652
51 511
319
0 760
450
854
512 353
201
221 76
554
785
777
531
29
969
844
575
893
283
923
733
124 487
824 937
556
755
627
2 910
63
78
916 155
220
47 897
36 432
973 206
408 847
421
931
908
537 909
960 675
779
645
783 608
289 419
379
350 562
1
164
962
4
233
112
506
187
267
331 544
154
867
13
851
400
28
170
449 884
950
990 838
139
704
490 984
260
500
451
596
966
473
404
480
543 643
938
359 920
68 657
90
723
978
216
874
259 238
89
428 501
527 66
822
794 866
775
983
316
517 65
134 873
832 156
409 324
821
730
623
600 204
416
862 496
836
770 253
271 31
100
483
247
276
381
902 590
906
792
837 345
885 587
56
306 659
315
647
913
684 737
169 180
606
70
