750
321 375
447 564
348
616
448
728
369
977 927
863
272
639
905
265
908
839
400
220
717 466
407 138
776
611
293
951
816 355
738
893
342
209
25
291 765
888
59 384
507
213
804
575
404
688
784
414 461
241
989
509
376 40
87
922
720 999
764
323
965 338
100
806 20
202
274
24
924
48
770 253
145
805 796
550
269 383
757
425
187
771
33
167
51 511
196
978
554
325
742
124 487
581 991
458 366
626
891 96
477
140
454 270
4
304 266
312
637 403
391
872 152
755
640
99 635
931
497
848
810 586
636 750
860
500
614
30 94
120
889
221 76
518 753
47 897
268
8 751
351
92
819
427 252
986
486
225
734
648
730
165 510
650
334
886
289 419
235
613
449 884
794 866
915 940
855
239
690
26 58
932 545
377
660 571
515
519
185 911
361
516
89
127
450
21
141
429
555
907
218 856
570
868 79
766
508
899
935
963
382 876
670 88
170
330 793
529 337
38
116 665
890
346
0 760
126 102
18 288
827
923
246 318
758 968
179
596
442
561
781 273
29
174
862 496
582 363
634 91
783 608
563 601
803
775
22
632 945
237 105
744 471
279
106
768
122
565
769 415
824 937
368 244
668 175
820
216
336 521
559
711 598
191 146
408 847
588
300
380
277
302
719
939
479
359 920
232
754
294
964
234 57
46 683
498 817
281
203
462
652
837 345
326
347
580 183
512 353
435
457
767
739
364
482 709
54 949
569
282
543 643
882 918
732
371 958
919 459
664 61
591
832 156
160 696
655
802
34
251
11
526
90
667
292
602
98
314
533
159
567
296
81
278
791
205
135
222
12 853
778
646
900
870
594
826
988 686
177
725
28
892 243
214 721
574
782 173
142
704
370
906
125
843
178
638
679
49 248
532
121
77
332
379
708
161 390
938
925
745
154
584
735 227
189
682
970
527 66
70
504
676 108
874
210
576
722
547 365
298
134 873
440
491
807
354
788 952
258
110
341 55
917
182 813
329
982 603
815
286
456
615 399
772
119 123
539
352
374
492 80
52 534
621
199 674
7
193
661 903
19
934 715
714 143
972
211
478 15
197
747
112
41
405 226
283
821
309
331 544
350 562
67 879
74
490 984
137 464
997
230
212
261
392 452
176
423
663
42
956 494
677
264 967
37 249
867
798 985
678
969
651 996
733
297 163
942
887
612 118
9
132
499
430
313
150 716
446
311
75
267
422 662
372 172
305
217
35
240
171 503
836
428 501
531
71 129
954
50
845
164
284
779
994
386 242
840 198
68 657
192
881 943
851
551
740 705
245
362
647
790
301
480
489
797 993
60
502
470 947
857 633
406
73
303
280 904
756
101 835
207 566
299
979 995
219
736
583 147
930 426
787
451
358
944
136
23
830
831
916 155
585 928
535 528
157 343
340
523 568
181
169 180
114 151
983
981 898
254
514
723
692
322 894
610
276
184
506
467
814 85
623
493
595 307
168 763
630 525
877
849
656
895
495 883
148
974 335
437 418
394 474
878
14
684 737
72 469
201
962
78
703 795
84 558
194
727
748
139
644
921
485
224 153
36 432
687
44 800
166
27 617
681 710
548 773
56
476 162
658
953 673
691
260
537 909
654
107
885 587
913
439
971
593
926
572 789
233
597
412
701 828
360
421
275
786
396
195 95
103
215 961
976
397
694
950
592
316
186
631 256
513 434
560
854
557
436
395 465
410 133
223 700
761
629
388 339
680
902 590
808 620
869
441
823
812
381
746
2 910
645
553 912
104 285
929 609
875
445 53
63
713
880
627
484 455
62
327 188
328
468
712
349
975
389
578 402
542 475
606
231 524
228
619 818
546
520
749 573
774 86
955
306 659
530
113
858 97
549
987
600 204
417 158
505
483
10 577
378
5
433
111
1
624 344
743
453
948
833 117
729
641
401 699
973 206
936
438 653
669
431
671
538
871 424
472
149
724
257 144
642
536
552 689
841 726
901 861
785
706
45
319
792
799
825 385
540
69 599
992
13
718
605
809
200 262
822
649
271 31
607 752
762 522
731 695
130 190
844
990 838
247
416
463
966
698 443
333
865
39
308
488
317
64 444
481 93
780
672
707
896
255
473
759 6
604
357
777
960 675
413 373
315
387
3
618 941
702
420
842
541
460
367
685 579
109
811
263 398
517 65
556
250 697
852
980 834
864
628 290
741
82 801
287
850
957 128
320
236 32
946 622
829
17
693
356
393
625 666
998
16
115 131
295 846
229
933
411
409 324
43
914
208
310 589
259 238
83
859
959
