750
837 345
25
201
851
361
913
364
454 270
126 102
68 657
694
185 911
844
280 904
907
379
850
220
4
799
107
780
597
23
378
698 443
330 793
468
591
38
104 285
69 599
742
127
526
232
812
540
741
400
983
217
331 544
482 709
831
395 465
863
296
971
561
137 464
48
35
60
962
149
64 444
508
320
820
857 633
808 620
22
56
578 402
736
299
387
350 562
664 61
178
588
790
565
824 937
314
988 686
45
626
460
302
870
560
420
731 695
301
369
168 763
300
923
19
893
663
678
467
563 601
483
816 355
607 752
989
100
181
762 522
647
810 586
159
942
46 683
389
719
54 949
1
679
269 383
196
235
306 659
921
777
334
200 262
224 153
286
782 173
287
216
268
720 999
862 496
791
225
489
650
836
438 653
880
506
257 144
550
267
124 487
823
392 452
394 474
305
532
277
533
542 475
640
931
661 903
231 524
462
922
139
600 204
308
21
371 958
13
629
604
594
778
595 307
84 558
283
830
628 290
944
926
932 545
515
792
631 256
707
998
784
881 943
311
539
905
182 813
179
222
396
703 795
401 699
728
691
839
986
960 675
50
349
966
481 93
132
393
90
841 726
638
218 856
915 940
240
36 432
199 674
382 876
70
30 94
439
229
936
865
718
391
624 344
247
71 129
769 415
493
47 897
336 521
895
186
37 249
169 180
802
933
207 566
484 455
329
779
230
298
738
874
304 266
440
652
293
381
676 108
164
593
570
681 710
319
202
184
9
234 57
429
167
374
333
255
725
59 384
0 760
448
346
740 705
33
342
409 324
98
327 188
505
261
205
832 156
352
340
735 227
236 32
606
641
28
553 912
602
274
668 175
228
771
112
191 146
980 834
52 534
140
939
135
815
761
803
111
495 883
929 609
869
425
376 40
480
101 835
786
14
527 66
975
717 466
660 571
849
976
930 426
580 183
372 172
543 643
611
648
211
756
297 163
237 105
89
3
583 147
994
733
627
223 700
316
347
654
749 573
49 248
979 995
807
758 968
605
956 494
559
120
840 198
797 993
446
919 459
351
536
121
233
755
67 879
81
356
938
965 338
734
798 985
406
682
538
548 773
556
867
886
889
704
987
745
74
456
148
794 866
360
871 424
827
154
748
193
323
407 138
811
537 909
39
902 590
195 95
447 564
848
8 751
157 343
368 244
806 20
380
411
421
730
221 76
17
321 375
567
5
878
408 847
901 861
136
819
896
110
10 577
637 403
954
359 920
303
177
99 635
295 846
490 984
724
754
278
946 622
551
757
498 817
189
264 967
693
251
706
485
219
554
649
906
572 789
477
935
781 273
535 528
507
708
711 598
864
34
732
766
596
845
326
27 617
722
692
282
317
767
854
842
194
888
955
977 927
614
458 366
187
463
885 587
423
619 818
670 88
512 353
569
625 666
739
492 80
523 568
759 6
723
12 853
860
209
877
684 737
822
214 721
518 753
142
272
171 503
197
246 318
574
358
701 828
404
170
582 363
62
787
775
892 243
656
478 15
254
655
890
634 91
612 118
519
82 801
176
367
29
72 469
776
772
150 716
585 928
690
671
341 55
51 511
24
386 242
332
488
858 97
504
687
992
774 86
78
667
970
500
114 151
43
557
245
764
513 434
122
632 945
239
479
284
990 838
623
212
430
73
276
357
972
453
821
259 238
281
547 365
729
744 471
2 910
917
899
145
727
959
953 673
165 510
213
948
260
788 952
833 117
397
427 252
325
978
957 128
41
630 525
312
688
7
451
642
473
289 419
292
210
497
16
11
119 123
713
882 918
964
115 131
405 226
442
785
982 603
974 335
613
685 579
747
502
677
436
680
529 337
413 373
639
192
645
250 697
546
555
160 696
263 398
517 65
309
44 800
621
805 796
457
584
934 715
924
431
370
449 884
271 31
509
77
203
18 288
472
875
644
973 206
916 155
354
783 608
714 143
294
450
658
520
859
491
275
416
476 162
499
174
161 390
417 158
770 253
531
141
258
592
422 662
414 461
891 96
428 501
950
265
516
618 941
116 665
581 991
575
887
702
646
83
908
804
872 152
445 53
541
868 79
610
969
322 894
829
310 589
328
914
412
712
113
130 190
410 133
855
388 339
103
615 399
809
42
486
470 947
441
208
106
377
313
552 689
951
672
997
241
433
636 750
900
514
576
768
530
215 961
63
125
925
651 996
166
134 873
435
109
826
92
87
549
616
825 385
843
291 765
437 418
315
743
852
814 85
981 898
279
746
362
75
348
26 58
669
963
