750
351
199 674
495 883
286
654
309
870
582 363
797 993
295 846
712
840 198
356
549
208
730
748
766
314
684 737
276
743
312
863
259 238
135
963
116 665
7
450
656
159
565
110
915 940
782 173
886
462
774 86
184
477
251
978
177
504
130 190
308
109
306 659
28
38
962
119 123
948
677
56
48
265
382 876
77
630 525
176
761
447 564
785
50
401 699
621
960 675
602
245
90
121
255
681 710
740 705
935
842
832 156
739
844
440
498 817
478 15
554
280 904
470 947
612 118
887
421
246 318
669
553 912
964
812
867
514
854
299
4
267
122
148
728
596
349
200 262
971
59 384
717 466
483
279
263 398
392 452
997
441
787
463
331 544
145
616
899
905
457
359 920
688
798 985
701 828
482 709
830
615 399
880
637 403
191 146
107
807
776
377
811
479
282
222
922
685 579
201
690
931
430
81
486
42
492 80
327 188
664 61
453
232
772
718
851
221 76
555
44 800
731 695
120
640
275
970
225
547 365
332
14
816 355
360
400
591
106
882 918
972
529 337
408 847
827
626
281
852
610
140
649
930 426
30 94
969
892 243
906
136
944
74
744 471
125
843
703 795
583 147
22
794 866
362
291 765
189
51 511
520
34
69 599
420
326
215 961
185 911
584
241
302
864
454 270
192
907
142
25
546
301
749 573
559
380
803
988 686
178
62
936
548 773
878
580 183
354
508
412
636 750
634 91
509
493
768
826
101 835
829
735 227
75
27 617
769 415
638
576
624 344
205
755
783 608
942
214 721
725
480
814 85
556
889
378
9
413 373
770 253
292
687
64 444
809
746
289 419
517 65
45
822
376 40
347
219
954
777
209
754
567
825 385
449 884
334
724
519
652
490 984
802
979 995
780
500
166
658
574
210
923
518 753
70
272
417 158
395 465
823
84 558
195 95
736
578 402
560
989
78
771
533
959
381
346
515
37 249
711 598
448
647
316
406
550
862 496
849
679
757
217
104 285
595 307
369
124 487
592
668 175
328
397
775
872 152
186
704
358
451
422 662
228
489
323
71 129
435
821
607 752
439
379
416
594
433
488
410 133
300
527 66
850
858 97
806 20
237 105
287
804
913
623
196
901 861
169 180
831
277
211
257 144
678
663
231 524
357
569
224 153
764
115 131
788 952
733
460
639
791
364
164
625 666
181
836
632 945
714 143
350 562
865
274
932 545
268
114 151
427 252
502
694
240
805 796
315
990 838
618 941
890
713
12 853
614
799
320
939
570
792
473
405 226
875
370
619 818
149
855
393
269 383
329
429
437 418
992
672
538
767
497
87
951
445 53
336 521
29
167
661 903
874
645
539
758 968
955
72 469
341 55
193
530
706
229
83
212
100
660 571
52 534
43
644
16
808 620
722
702
762 522
5
254
593
938
877
859
372 172
436
646
950
468
917
902 590
933
523 568
264 967
611
926
815
631 256
386 242
223 700
741
230
113
975
13
734
671
49 248
247
505
361
283
667
585 928
220
458 366
857 633
391
82 801
103
157 343
278
352
516
11
284
946 622
250 697
536
581 991
929 609
513 434
692
456
693
682
778
182 813
481 93
956 494
394 474
348
0 760
442
994
60
271 31
651 996
719
919 459
987
311
330 793
170
317
869
39
934 715
41
983
641
845
423
137 464
507
628 290
810 586
261
154
980 834
820
781 273
46 683
202
296
824 937
723
409 324
35
629
218 856
33
467
321 375
17
216
389
322 894
174
707
871 424
431
141
446
881 943
540
342
99 635
532
998
542 475
325
491
73
670 88
893
411
916 155
484 455
732
986
3
24
506
293
655
563 601
139
47 897
541
68 657
150 716
953 673
2 910
981 898
63
319
374
134 873
234 57
819
428 501
572 789
756
213
168 763
179
438 653
258
727
368 244
976
606
233
414 461
957 128
921
551
908
26 58
642
160 696
126 102
833 117
588
396
896
575
92
720 999
648
600 204
790
367
561
779
839
888
786
404
837 345
627
604
89
526
476 162
745
207 566
848
747
885 587
784
194
112
425
298
235
18 288
371 958
310 589
535 528
557
974 335
924
543 643
738
387
333
472
197
303
485
297 163
1
698 443
680
67 879
21
676 108
531
613
914
605
23
236 32
891 96
499
187
841 726
132
305
10 577
203
407 138
8 751
650
708
691
965 338
111
171 503
552 689
512 353
868 79
54 949
127
973 206
759 6
304 266
982 603
742
860
925
98
19
161 390
36 432
729
597
537 909
895
977 927
966
313
340
388 339
165 510
294
239
900
260
