750
845
289 419
472
580 183
478 15
517 65
669
942
109
37 249
739
16
630 525
841 726
313
782 173
48
641
783 608
636 750
44 800
729
167
359 920
596
14
450
924
367
677
749 573
269 383
672
531
557
638
298
862 496
4
149
822
116 665
187
591
499
583 147
607 752
612 118
457
332
702
330 793
189
235
703 795
257 144
115 131
181
47 897
122
325
286
445 53
192
745
406
393
218 856
812
890
560
627
905
802
356
420
550
651 996
797 993
378
711 598
74
744 471
956 494
762 522
67 879
930 426
781 273
195 95
468
387
425
90
895
473
698 443
168 763
623
878
946 622
427 252
498 817
11
553 912
439
137 464
120
479
142
283
507
563 601
618 941
389
62
685 579
104 285
896
25
755
852
885 587
907
84 558
287
36 432
132
588
100
777
786
748
858 97
632 945
509
844
397
72 469
296
919 459
302
922
555
421
670 88
770 253
182 813
126 102
865
981 898
45
297 163
741
681 710
334
17
458 366
888
362
77
712
779
592
825 385
24
231 524
539
953 673
211
658
430
136
480
436
489
416
978
506
668 175
463
640
407 138
1
440
975
251
843
303
733
708
549
915 940
631 256
271 31
39
476 162
341 55
929 609
667
559
944
906
785
505
655
804
360
354
784
160 696
417 158
376 40
604
859
926
261
948
83
460
220
431
314
326
646
315
101 835
309
724
342
821
855
13
661 903
901 861
22
245
408 847
704
340
477
224 153
965 338
864
280 904
196
520
26 58
68 657
815
382 876
346
412
395 465
170
663
536
831
969
778
119 123
169 180
867
405 226
422 662
186
616
585 928
692
221 76
191 146
805 796
447 564
328
986
203
899
747
582 363
764
556
792
614
611
772
989
664 61
281
113
656
850
987
925
484 455
350 562
491
178
174
756
757
723
900
483
358
209
731 695
254
8 751
401 699
530
889
157 343
780
7
400
106
602
971
486
50
272
648
219
492 80
490 984
404
687
166
364
230
282
567
518 753
42
223 700
322 894
634 91
870
414 461
569
145
291 765
938
836
222
979 995
134 873
887
193
433
327 188
872 152
304 266
423
684 737
5
372 172
300
485
159
649
809
875
64 444
23
740 705
92
301
816 355
442
619 818
527 66
233
935
594
59 384
882 918
660 571
0 760
197
526
357
916 155
513 434
725
613
437 418
237 105
720 999
610
308
680
279
775
950
246 318
278
966
827
994
386 242
392 452
456
574
214 721
964
600 204
718
413 373
232
352
767
810 586
679
60
837 345
127
428 501
615 399
177
532
605
217
826
320
808 620
2 910
902 590
581 991
185 911
380
742
597
154
533
54 949
9
135
411
738
707
396
982 603
140
139
34
787
161 390
538
546
727
125
542 475
977 927
470 947
857 633
29
264 967
706
41
717 466
881 943
575
854
369
164
438 653
87
311
654
628 290
449 884
310 589
171 503
448
409 324
215 961
247
202
734
239
776
529 337
321 375
33
719
295 846
234 57
913
388 339
512 353
179
523 568
626
980 834
606
690
277
728
774 86
761
959
829
543 643
848
225
46 683
955
263 398
333
69 599
960 675
914
548 773
410 133
652
348
547 365
806 20
671
537 909
98
990 838
481 93
329
891 96
28
451
939
114 151
637 403
446
504
892 243
267
70
519
682
746
933
552 689
851
495 883
317
312
89
210
694
258
82 801
429
644
572 789
148
3
467
319
294
759 6
216
19
250 697
693
260
998
647
205
81
165 510
435
830
52 534
488
701 828
732
869
497
71 129
331 544
758 968
454 270
349
184
584
275
103
111
730
819
305
462
500
241
642
645
293
370
212
110
201
811
713
27 617
12 853
799
347
374
228
565
194
576
306 659
823
639
863
595 307
112
678
820
377
240
798 985
200 262
833 117
743
540
259 238
722
972
276
299
650
150 716
923
842
974 335
880
676 108
130 190
932 545
441
78
391
38
954
860
368 244
284
35
957 128
323
514
561
268
735 227
176
336 521
351
551
316
917
236 32
625 666
868 79
934 715
621
453
688
766
482 709
493
691
794 866
754
30 94
992
983
10 577
803
921
570
43
292
394 474
371 958
874
578 402
832 156
714 143
814 85
871 424
849
790
791
73
516
886
229
807
99 635
56
976
736
973 206
629
535 528
51 511
769 415
771
379
893
951
936
593
75
255
21
265
877
962
274
988 686
508
207 566
541
502
107
208
970
908
63
18 288
124 487
931
213
141
824 937
840 198
839
361
49 248
963
121
381
788 952
768
554
624 344
199 674
997
515
