750
179
706
30 94
113
413 373
843
629
819
350 562
483
792
871 424
669
664 61
581 991
36 432
757
978
197
931
597
738
207 566
436
703 795
7
826
4
638
240
171 503
286
908
744 471
236 32
899
841 726
354
724
745
627
310 589
939
815
780
591
645
944
451
663
821
78
868 79
106
280 904
997
490 984
548 773
992
154
124 487
891 96
271 31
305
725
28
237 105
278
297 163
736
400
347
578 402
932 545
334
388 339
530
263 398
209
221 76
116 665
648
89
556
177
981 898
26 58
457
584
21
186
393
34
132
567
482 709
543 643
232
431
414 461
960 675
121
205
507
914
98
734
49 248
565
196
549
391
203
882 918
122
42
54 949
387
316
64 444
654
854
112
688
851
468
229
777
998
333
45
311
954
980 834
13
805 796
407 138
972
857 633
379
839
615 399
182 813
551
893
624 344
676 108
136
139
498 817
35
607 752
936
892 243
405 226
844
157 343
956 494
165 510
836
881 943
378
9
600 204
983
320
874
762 522
702
768
300
680
349
538
542 475
799
111
559
604
211
933
922
301
470 947
742
631 256
506
782 173
59 384
616
787
27 617
621
979 995
850
467
934 715
682
90
895
10 577
302
446
472
779
46 683
201
508
84 558
824 937
681 710
916 155
164
192
362
593
389
971
569
322 894
723
51 511
790
798 985
563 601
395 465
938
247
743
655
602
618 941
292
862 496
513 434
261
546
217
717 466
212
766
994
425
652
852
809
727
963
477
24
423
314
110
454 270
327 188
184
381
672
902 590
613
718
917
554
885 587
619 818
137 464
142
150 716
735 227
435
396
990 838
208
965 338
612 118
518 753
458 366
948
976
364
833 117
807
959
296
746
359 920
481 93
380
29
357
517 65
83
596
925
887
929 609
267
623
529 337
825 385
308
260
729
532
630 525
957 128
428 501
740 705
509
610
422 662
539
512 353
889
259 238
195 95
50
427 252
463
776
360
126 102
770 253
447 564
820
975
193
974 335
867
668 175
667
886
340
178
808 620
858 97
44 800
12 853
168 763
574
370
16
2 910
754
210
166
749 573
386 242
283
906
987
450
811
491
401 699
254
449 884
202
955
23
829
694
583 147
233
935
651 996
582 363
185 911
830
869
526
351
265
484 455
901 861
104 285
348
486
63
499
473
875
553 912
758 968
134 873
346
541
325
970
860
453
33
369
71 129
277
194
19
888
25
214 721
103
691
223 700
60
406
268
913
687
516
92
52 534
416
392 452
781 273
728
488
141
264 967
969
361
358
279
788 952
966
189
748
257 144
213
492 80
149
246 318
317
708
870
637 403
18 288
678
191 146
275
303
319
639
356
218 856
561
671
823
224 153
421
714 143
634 91
17
919 459
67 879
417 158
759 6
47 897
440
661 903
864
323
235
527 66
429
905
329
786
43
167
442
284
255
216
802
769 415
536
100
497
321 375
269 383
900
22
767
822
37 249
540
239
872 152
199 674
374
77
848
460
299
367
572 789
258
304 266
479
685 579
783 608
336 521
837 345
849
438 653
289 419
649
644
764
433
810 586
74
231 524
982 603
531
986
326
804
293
291 765
495 883
877
923
756
988 686
420
747
693
219
502
614
225
632 945
125
298
576
628 290
281
222
704
14
276
942
476 162
915 940
863
220
328
368 244
722
594
101 835
489
48
656
698 443
115 131
973 206
585 928
580 183
145
803
926
135
658
174
8 751
38
924
907
114 151
81
537 909
408 847
505
840 198
570
287
394 474
519
215 961
11
733
234 57
679
439
437 418
230
181
701 828
200 262
720 999
692
404
878
774 86
315
684 737
504
827
120
130 190
250 697
445 53
605
946 622
560
312
412
478 15
775
176
148
588
72 469
832 156
5
731 695
880
160 696
56
251
595 307
294
0 760
797 993
309
951
306 659
778
761
859
241
75
70
228
890
382 876
732
989
430
456
3
977 927
82 801
170
794 866
550
535 528
647
670 88
791
784
245
332
592
462
650
712
646
441
493
636 750
606
377
342
831
409 324
707
372 172
950
785
62
555
730
448
842
771
575
87
330 793
557
520
514
410 133
641
515
964
411
341 55
1
625 666
69 599
772
953 673
371 958
896
109
677
533
161 390
719
352
611
119 123
107
845
626
547 365
816 355
376 40
930 426
812
552 689
282
962
159
713
642
99 635
741
660 571
313
187
921
855
711 598
865
274
806 20
295 846
640
755
480
39
140
68 657
485
523 568
169 180
41
73
500
127
690
331 544
272
814 85
739
397
