750
283
409 324
757
581 991
728
406
548 773
360
820
669
451
201
294
395 465
414 461
518 753
246 318
520
301
701 828
46 683
764
973 206
780
650
0 760
811
202
309
859
794 866
42
692
481 93
640
526
871 424
438 653
453
746
670 88
892 243
559
167
810 586
541
960 675
891 96
611
610
924
792
181
476 162
547 365
279
401 699
523 568
440
405 226
171 503
137 464
729
951
717 466
132
197
328
221 76
141
626
805 796
969
854
509
724
195 95
111
370
552 689
364
706
895
68 657
367
292
404
446
205
690
536
595 307
616
584
462
741
733
512 353
4
843
69 599
268
869
684 737
430
515
29
631 256
505
13
588
164
25
997
852
957 128
107
939
261
331 544
149
477
833 117
743
154
114 151
388 339
862 496
320
174
276
849
347
230
394 474
112
804
713
178
263 398
851
260
901 861
628 290
639
72 469
556
203
420
12 853
572 789
407 138
7
629
448
641
125
73
917
185 911
280 904
966
392 452
460
829
44 800
479
532
652
282
600 204
38
259 238
369
191 146
806 20
463
56
306 659
22
229
867
437 418
134 873
60
668 175
377
166
36 432
989
841 726
963
682
16
902 590
176
396
986
488
482 709
955
308
578 402
936
199 674
215 961
988 686
428 501
275
352
802
442
842
110
932 545
277
976
200 262
553 912
458 366
688
605
210
240
775
959
978
678
681 710
606
500
67 879
663
508
417 158
612 118
546
539
332
880
160 696
2 910
654
196
634 91
278
714 143
23
821
449 884
596
781 273
691
416
630 525
964
130 190
770 253
193
267
597
468
860
209
679
393
738
34
930 426
913
535 528
809
747
529 337
885 587
872 152
126 102
649
782 173
619 818
777
992
70
962
82 801
591
124 487
687
676 108
786
295 846
839
882 918
908
877
888
323
570
207 566
120
225
340
900
632 945
735 227
725
719
744 471
563 601
864
840 198
281
310 589
303
315
660 571
661 903
28
411
287
192
767
755
386 242
527 66
994
575
329
824 937
730
216
938
189
923
413 373
739
77
349
254
531
698 443
495 883
798 985
517 65
868 79
615 399
497
223 700
212
549
101 835
797 993
470 947
421
836
274
78
313
467
538
17
594
768
357
9
380
565
694
896
214 721
18 288
551
554
583 147
561
593
350 562
667
84 558
233
169 180
48
37 249
359 920
317
255
113
264 967
664 61
400
647
592
71 129
305
422 662
47 897
341 55
771
906
74
272
845
519
567
656
645
258
788 952
213
916 155
870
778
19
219
326
21
748
208
184
759 6
170
492 80
342
75
732
291 765
387
234 57
672
45
237 105
100
950
425
433
250 697
43
954
247
431
485
311
62
530
121
550
702
325
122
642
886
637 403
10 577
382 876
972
776
33
217
161 390
374
194
769 415
435
486
136
351
218 856
807
368 244
109
49 248
569
651 996
762 522
742
974 335
863
857 633
919 459
514
822
848
90
636 750
362
52 534
397
774 86
491
580 183
736
555
81
783 608
926
187
484 455
881 943
321 375
271 31
982 603
142
304 266
376 40
816 355
504
887
855
327 188
707
312
348
334
560
391
731 695
83
299
502
604
574
766
316
875
322 894
685 579
35
830
506
186
498 817
812
150 716
63
99 635
790
977 927
987
302
708
378
915 940
346
457
787
211
489
540
336 521
537 909
933
139
953 673
3
490 984
87
677
623
116 665
39
921
516
165 510
693
447 564
330 793
157 343
356
722
890
11
720 999
235
823
758 968
970
499
607 752
808 620
480
478 15
41
412
439
298
297 163
286
874
333
239
289 419
231 524
379
159
983
319
585 928
899
89
791
723
358
712
232
450
814 85
754
624 344
925
228
533
929 609
104 285
655
981 898
241
483
64 444
300
844
825 385
761
907
990 838
745
878
827
858 97
922
621
832 156
98
5
429
582 363
410 133
956 494
92
473
372 172
914
257 144
944
905
1
799
889
614
850
265
658
613
441
779
557
50
756
671
27 617
381
998
625 666
26 58
179
971
979 995
740 705
734
831
293
942
576
785
618 941
182 813
893
935
472
371 958
826
934 715
245
543 643
980 834
135
103
727
648
507
284
408 847
865
127
296
646
931
493
456
436
361
220
948
177
423
542 475
703 795
115 131
749 573
837 345
644
704
54 949
772
680
236 32
251
965 338
51 511
602
119 123
222
638
224 153
14
314
427 252
784
140
718
819
946 622
59 384
513 434
711 598
145
269 383
30 94
454 270
8 751
445 53
168 763
815
148
354
803
975
389
106
24
627
