750
263 398
667
507
280 904
449 884
468
804
491
792
300
531
194
506
312
917
762 522
907
652
331 544
592
319
454 270
251
48
766
181
855
658
145
575
687
888
840 198
820
396
922
998
136
561
327 188
100
199 674
125
707
512 353
783 608
550
36 432
859
934 715
552 689
717 466
892 243
758 968
576
203
457
640
969
450
862 496
551
329
284
356
664 61
219
381
678
169 180
368 244
540
845
101 835
232
957 128
2 910
870
600 204
260
52 534
237 105
274
749 573
482 709
293
964
677
832 156
989
35
221 76
625 666
977 927
255
477
611
286
541
882 918
830
628 290
427 252
572 789
317
724
407 138
328
14
868 79
225
974 335
648
532
809
719
631 256
681 710
314
246 318
931
520
646
281
983
374
321 375
276
597
306 659
893
382 876
367
182 813
210
557
874
46 683
567
926
405 226
440
963
956 494
445 53
420
166
346
668 175
811
519
171 503
645
839
906
470 947
748
518 753
134 873
29
411
663
111
556
854
729
245
437 418
195 95
116 665
547 365
513 434
887
417 158
805 796
824 937
139
905
109
560
295 846
186
733
90
994
332
569
201
351
578 402
785
9
261
361
780
185 911
207 566
485
850
728
982 603
64 444
423
585 928
953 673
821
304 266
393
448
878
47 897
612 118
127
322 894
688
193
408 847
980 834
268
287
421
394 474
220
950
362
914
981 898
34
83
517 65
529 337
871 424
282
938
704
401 699
869
462
706
744 471
591
44 800
39
582 363
4
823
19
177
858 97
291 765
923
549
104 285
827
565
669
730
944
607 752
962
75
966
277
217
759 6
222
429
777
794 866
990 838
900
453
278
778
483
786
916 155
114 151
679
618 941
392 452
588
515
311
727
352
690
610
997
570
299
779
772
473
781 273
563 601
630 525
526
16
387
670 88
746
480
698 443
533
349
497
45
342
378
881 943
872 152
978
493
718
580 183
191 146
250 697
725
313
770 253
303
73
154
693
463
992
615 399
743
275
269 383
149
605
661 903
684 737
8 751
621
447 564
768
812
187
935
722
51 511
202
358
126 102
161 390
740 705
122
107
208
406
890
936
739
54 949
168 763
844
69 599
747
929 609
24
435
614
816 355
788 952
924
336 521
160 696
852
410 133
1
553 912
78
826
955
555
641
320
213
121
702
159
211
67 879
486
21
542 475
70
505
639
413 373
271 31
516
323
3
495 883
26 58
265
736
476 162
757
970
691
867
456
236 32
825 385
527 66
490 984
626
412
59 384
442
734
538
619 818
347
279
257 144
436
112
896
535 528
56
87
833 117
595 307
301
593
404
184
62
228
308
761
629
30 94
370
769 415
671
960 675
458 366
50
23
135
22
13
712
289 419
241
49 248
489
430
170
326
822
651 996
647
685 579
433
808 620
951
877
119 123
140
741
74
438 653
41
132
77
500
536
98
880
305
148
258
414 461
103
986
234 57
416
84 558
810 586
130 190
732
294
11
814 85
771
357
484 455
574
397
604
479
264 967
395 465
230
498 817
971
371 958
889
439
902 590
400
316
583 147
218 856
89
959
196
680
197
124 487
946 622
948
254
723
755
488
502
150 716
851
388 339
472
272
627
446
784
720 999
297 163
843
106
676 108
694
742
372 172
422 662
235
891 96
137 464
637 403
81
296
334
764
767
376 40
972
756
233
33
200 262
954
754
656
672
857 633
110
973 206
174
596
229
409 324
28
209
379
224 153
831
895
642
441
979 995
908
92
460
120
509
157 343
17
377
492 80
467
745
860
848
875
38
559
354
176
775
189
632 945
624 344
42
797 993
865
364
60
606
682
239
738
919 459
223 700
369
933
341 55
581 991
359 920
965 338
915 940
348
141
735 227
864
165 510
623
913
178
776
806 20
901 861
302
886
942
179
930 426
309
714 143
214 721
333
71 129
508
5
514
63
636 750
113
25
283
807
325
164
523 568
787
939
231 524
602
425
7
431
701 828
731 695
815
554
37 249
72 469
649
708
350 562
504
18 288
310 589
192
292
481 93
799
849
428 501
142
976
548 773
594
925
975
27 617
330 793
988 686
340
543 643
216
836
584
212
774 86
380
389
819
537 909
267
644
798 985
863
43
613
205
837 345
546
829
0 760
12 853
530
167
386 242
478 15
654
115 131
655
841 726
99 635
692
247
634 91
660 571
240
790
259 238
82 801
298
10 577
215 961
842
391
803
885 587
703 795
987
802
921
713
638
650
711 598
791
68 657
360
315
616
539
899
451
782 173
932 545
499
