750
224 153
980 834
693
378
565
199 674
35
319
891 96
707
794 866
168 763
5
678
348
676 108
100
7
543 643
625 666
489
974 335
479
557
316
374
217
490 984
193
771
711 598
975
954
899
223 700
687
84 558
83
416
531
233
45
106
313
103
413 373
488
407 138
626
323
815
972
446
456
380
953 673
216
554
327 188
135
805 796
764
865
787
574
70
998
973 206
99 635
305
896
548 773
889
382 876
119 123
406
423
145
740 705
229
578 402
161 390
783 608
181
852
768
507
780
559
862 496
924
606
291 765
232
286
457
98
306 659
540
667
115 131
842
387
483
360
976
759 6
526
688
845
777
704
679
257 144
56
293
965 338
527 66
756
429
593
646
287
848
357
706
553 912
420
832 156
476 162
563 601
821
508
218 856
916 155
240
901 861
121
708
537 909
43
356
770 253
963
581 991
268
535 528
631 256
732
213
203
712
895
453
12 853
92
435
925
552 689
877
727
997
981 898
477
640
512 353
933
886
907
741
26 58
652
913
567
410 133
546
178
749 573
179
201
605
25
447 564
797 993
627
438 653
855
719
533
27 617
280 904
165 510
73
372 172
23
836
46 683
166
371 958
728
142
690
655
120
610
663
210
185 911
441
786
277
350 562
823
864
702
351
778
669
29
67 879
265
584
661 903
433
150 716
858 97
284
276
618 941
14
874
744 471
723
237 105
930 426
208
684 737
698 443
959
992
810 586
439
321 375
41
33
888
931
332
841 726
346
389
774 86
37 249
784
902 590
472
450
748
596
850
868 79
111
538
792
358
547 365
649
990 838
408 847
843
187
82 801
271 31
731 695
292
670 88
309
454 270
317
8 751
986
739
569
437 418
632 945
839
791
905
200 262
370
812
154
754
404
814 85
908
542 475
799
278
16
881 943
425
196
790
720 999
519
478 15
336 521
473
602
221 76
269 383
361
207 566
685 579
484 455
495 883
124 487
826
352
148
209
502
592
956 494
192
281
222
887
186
69 599
274
614
779
127
214 721
250 697
139
772
798 985
225
392 452
935
892 243
4
411
303
561
202
236 32
359 920
320
458 366
101 835
414 461
714 143
300
549
89
159
400
745
634 91
860
299
114 151
498 817
880
263 398
485
1
827
141
594
932 545
513 434
767
762 522
936
184
342
10 577
803
822
449 884
735 227
629
3
971
470 947
978
570
211
840 198
194
872 152
926
766
312
36 432
628 290
301
970
576
68 657
463
412
863
176
298
906
859
275
979 995
536
329
393
638
837 345
460
272
239
18 288
330 793
11
259 238
215 961
806 20
71 129
746
934 715
394 474
560
962
116 665
388 339
672
644
254
49 248
19
51 511
844
755
279
871 424
725
988 686
682
917
982 603
951
612 118
641
729
833 117
964
555
580 183
694
90
946 622
368 244
517 65
395 465
950
804
499
297 163
811
830
738
54 949
515
922
50
125
492 80
757
167
251
42
816 355
875
575
604
246 318
219
74
621
164
386 242
140
295 846
174
486
333
340
583 147
349
189
857 633
677
59 384
104 285
310 589
809
615 399
654
743
820
639
948
235
170
481 93
60
730
245
518 753
381
126 102
572 789
692
541
509
900
48
788 952
523 568
462
585 928
421
397
529 337
0 760
417 158
21
923
717 466
776
611
630 525
448
136
506
742
289 419
703 795
28
391
377
2 910
722
500
81
885 587
283
600 204
282
482 709
647
379
467
530
431
440
177
9
325
944
671
921
34
107
890
929 609
595 307
878
769 415
261
623
62
112
30 94
331 544
78
960 675
247
451
819
72 469
713
322 894
231 524
636 750
52 534
747
341 55
134 873
532
514
807
758 968
442
264 967
701 828
597
539
785
520
914
409 324
893
648
493
364
808 620
829
851
428 501
304 266
849
24
977 927
354
987
468
983
376 40
616
724
882 918
551
664 61
854
228
658
802
969
122
160 696
957 128
480
77
44 800
109
311
994
645
258
230
734
315
680
966
660 571
668 175
334
556
405 226
497
915 940
17
588
550
75
775
401 699
516
505
255
733
87
445 53
637 403
157 343
212
220
736
651 996
422 662
234 57
64 444
824 937
867
781 273
607 752
656
591
296
294
613
302
491
22
718
436
137 464
197
681 710
642
782 173
582 363
132
825 385
761
308
39
955
130 190
13
326
939
260
347
504
47 897
427 252
624 344
650
63
869
169 180
110
113
430
619 818
38
938
367
149
396
942
267
171 503
989
870
314
195 95
182 813
241
205
191 146
919 459
362
691
369
831
328
