750
13
546
87
555
468
333
323
732
625 666
604
247
447 564
107
982 603
623
30 94
757
100
858 97
684 737
255
239
602
16
552 689
966
305
440
610
611
362
515
863
69 599
167
378
251
976
618 941
779
387
956 494
316
892 243
889
934 715
397
193
881 943
401 699
957 128
8 751
679
527 66
535 528
41
514
269 383
740 705
973 206
460
134 873
454 270
407 138
442
23
43
955
681 710
10 577
975
971
932 545
647
54 949
374
805 796
776
449 884
554
111
359 920
591
729
48
650
518 753
917
331 544
499
164
388 339
299
367
448
925
664 61
723
690
843
875
576
862 496
278
237 105
781 273
645
672
451
651 996
326
631 256
416
506
895
829
126 102
649
640
446
210
287
833 117
457
422 662
785
823
481 93
669
907
519
969
421
841 726
837 345
539
346
303
259 238
792
77
819
4
231 524
964
321 375
360
900
136
137 464
921
106
33
121
831
871 424
438 653
882 918
989
693
189
825 385
281
529 337
5
132
935
845
49 248
741
517 65
877
235
159
205
694
284
263 398
423
563 601
707
484 455
512 353
804
654
507
799
758 968
127
822
824 937
38
854
104 285
551
553 912
214 721
283
483
311
606
274
291 765
64 444
815
594
268
211
495 883
712
965 338
742
891 96
394 474
417 158
157 343
414 461
933
678
771
556
233
886
655
361
733
83
72 469
408 847
202
963
179
901 861
538
186
767
280 904
109
322 894
82 801
382 876
81
849
783 608
508
720 999
246 318
218 856
660 571
718
547 365
533
926
294
560
628 290
406
870
50
537 909
498 817
931
986
624 344
113
264 967
310 589
923
979 995
634 91
743
692
988 686
222
806 20
731 695
759 6
896
857 633
902 590
349
74
832 156
997
489
411
219
916 155
747
607 752
744 471
638
808 620
28
89
463
120
542 475
887
439
531
872 152
530
342
308
960 675
225
139
677
913
103
330 793
37 249
230
915 940
462
197
827
19
396
380
711 598
865
347
99 635
22
500
112
304 266
60
336 521
627
970
71 129
352
821
220
972
29
614
258
639
504
798 985
714 143
954
265
135
708
295 846
200 262
78
836
830
878
7
745
236 32
782 173
370
615 399
906
600 204
820
52 534
764
433
445 53
400
42
867
810 586
738
208
450
727
559
75
869
621
644
513 434
142
148
140
536
930 426
68 657
122
296
775
26 58
301
425
557
929 609
98
234 57
116 665
427 252
680
574
3
224 153
27 617
812
24
35
271 31
404
36 432
141
176
520
905
340
476 162
34
493
809
570
541
393
597
376 40
491
51 511
389
769 415
300
44 800
766
178
319
368 244
682
441
922
698 443
435
194
596
207 566
115 131
581 991
987
578 402
728
761
974 335
890
899
641
260
616
691
595 307
592
612 118
47 897
722
977 927
807
746
276
671
860
851
371 958
216
312
203
2 910
160 696
327 188
169 180
119 123
114 151
990 838
277
567
992
668 175
749 573
914
317
192
688
717 466
874
420
302
736
221 76
704
755
948
962
646
18 288
505
240
859
209
706
951
850
725
748
888
212
788 952
739
395 465
661 903
182 813
436
652
473
919 459
292
386 242
648
453
315
803
250 697
110
864
470 947
279
719
62
334
580 183
908
852
150 716
191 146
92
11
787
477
868 79
588
286
593
314
939
166
329
950
802
509
735 227
656
39
613
213
351
472
223 700
839
959
583 147
165 510
549
676 108
701 828
84 558
430
780
379
125
619 818
936
257 144
885 587
272
195 95
232
816 355
478 15
893
56
479
348
187
543 643
626
1
328
983
356
168 763
17
569
632 945
184
282
724
196
90
309
9
486
953 673
670 88
21
275
67 879
786
0 760
772
526
492 80
293
177
777
456
480
429
217
377
502
848
880
998
325
161 390
357
516
687
702
297 163
372 172
497
145
791
229
584
629
540
199 674
756
170
174
532
458 366
762 522
482 709
412
826
703 795
261
25
855
228
392 452
358
981 898
332
685 579
171 503
320
485
467
245
405 226
63
185 911
181
565
730
59 384
667
768
154
980 834
313
942
790
946 622
201
754
637 403
642
70
938
778
391
944
267
572 789
254
734
770 253
490 984
215 961
350 562
73
413 373
605
842
130 190
410 133
428 501
12 853
794 866
658
289 419
774 86
241
585 928
45
630 525
381
994
341 55
713
978
548 773
784
663
431
523 568
488
814 85
14
409 324
924
811
582 363
575
354
149
636 750
364
437 418
101 835
369
46 683
550
298
306 659
844
840 198
797 993
561
124 487
