750
557
841 726
742
125
75
555
650
311
864
869
713
473
585 928
630 525
165 510
490 984
857 633
537 909
735 227
223 700
960 675
938
712
615 399
982 603
833 117
948
202
448
247
258
214 721
9
429
858 97
553 912
955
184
232
89
191 146
369
370
891 96
677
645
19
104 285
298
82 801
595 307
78
51 511
201
325
851
612 118
111
27 617
329
792
103
988 686
140
186
939
611
83
797 993
769 415
44 800
714 143
294
565
678
142
672
477
852
24
121
552 689
936
507
882 918
548 773
330 793
580 183
54 949
254
874
347
684 737
406
361
136
730
906
45
778
917
159
488
934 715
255
360
3
340
825 385
772
234 57
278
563 601
523 568
309
349
998
651 996
685 579
505
316
41
10 577
386 242
47 897
719
218 856
706
529 337
663
964
885 587
762 522
733
932 545
649
915 940
886
543 643
196
788 952
286
43
148
73
830
855
301
593
551
394 474
584
468
410 133
559
26 58
482 709
542 475
871 424
514
436
433
983
303
134 873
317
210
848
110
811
357
720 999
4
784
865
187
21
16
863
356
707
992
596
182 813
810 586
114 151
837 345
387
481 93
931
189
279
676 108
654
641
924
241
739
283
953 673
907
959
962
50
421
664 61
209
422 662
926
230
899
574
849
783 608
888
914
980 834
774 86
989
875
81
812
194
594
160 696
969
724
827
407 138
38
478 15
84 558
965 338
112
174
667
216
623
843
658
642
240
578 402
605
954
922
868 79
930 426
145
313
646
423
323
766
974 335
130 190
154
483
203
518 753
25
284
379
277
124 487
981 898
414 461
405 226
35
393
328
727
467
905
820
215 961
346
401 699
219
732
205
618 941
770 253
530
430
632 945
476 162
49 248
513 434
293
368 244
107
74
431
832 156
526
499
39
312
354
621
305
275
445 53
754
978
803
804
782 173
648
740 705
867
693
942
119 123
456
946 622
327 188
141
901 861
862 496
935
446
233
397
1
197
276
583 147
336 521
378
627
231 524
694
569
779
106
90
259 238
11
367
485
690
790
535 528
177
181
22
893
320
463
322 894
428 501
639
794 866
610
87
269 383
447 564
12 853
538
628 290
149
439
950
442
840 198
185 911
28
224 153
479
517 65
332
176
400
350 562
816 355
14
169 180
902 590
416
135
561
625 666
217
831
786
994
376 40
62
310 589
395 465
92
263 398
957 128
807
604
480
0 760
460
166
725
704
844
738
711 598
457
132
845
193
723
755
821
46 683
225
626
392 452
859
656
427 252
99 635
870
502
245
495 883
963
351
592
916 155
179
785
235
708
236 32
986
880
777
374
775
321 375
42
115 131
889
359 920
747
59 384
314
462
822
100
72 469
271 31
728
63
122
127
441
67 879
77
570
977 927
824 937
268
602
722
299
854
900
634 91
516
787
606
207 566
295 846
264 967
289 419
631 256
860
629
815
498 817
640
515
265
391
396
348
913
520
805 796
802
13
161 390
274
282
597
759 6
287
358
987
823
60
388 339
652
976
734
748
420
512 353
52 534
36 432
409 324
150 716
364
220
425
541
272
157 343
758 968
966
781 273
990 838
567
71 129
527 66
644
381
546
449 884
746
923
929 609
454 270
472
975
532
682
372 172
508
614
919 459
212
533
451
776
2 910
7
37 249
139
814 85
435
470 947
237 105
895
581 991
972
600 204
56
438 653
229
826
17
925
757
536
492 80
352
380
34
331 544
655
550
306 659
333
315
688
116 665
341 55
297 163
168 763
607 752
756
450
489
717 466
334
767
371 958
291 765
668 175
887
619 818
877
951
616
878
798 985
661 903
326
389
69 599
780
791
771
64 444
300
691
718
702
382 876
506
68 657
281
308
500
680
412
890
971
692
745
671
493
670 88
836
881 943
491
591
540
799
687
504
556
23
302
417 158
764
260
701 828
239
588
109
437 418
576
213
101 835
997
809
531
736
257 144
613
681 710
741
222
970
164
761
497
170
377
484 455
703 795
749 573
637 403
178
679
250 697
872 152
251
979 995
199 674
296
458 366
211
582 363
539
560
33
48
744 471
486
944
342
70
842
547 365
195 95
973 206
624 344
221 76
113
261
575
98
167
319
411
228
729
519
171 503
304 266
554
208
453
731 695
698 443
921
908
246 318
933
647
404
572 789
440
18 288
743
267
806 20
636 750
669
638
768
362
8 751
126 102
137 464
549
5
408 847
896
292
839
892 243
30 94
120
819
413 373
829
29
509
850
808 620
200 262
280 904
192
956 494
660 571
