750
593
309
613
896
149
908
260
139
625 666
472
621
594
460
71 129
774 86
498 817
98
878
438 653
314
485
410 133
805 796
971
922
694
350 562
210
440
849
30 94
104 285
237 105
211
409 324
808 620
328
346
632 945
645
677
18 288
630 525
944
333
293
468
287
41
869
482 709
176
851
648
714 143
900
159
22
514
616
933
380
28
778
225
572 789
618 941
447 564
192
379
582 363
264 967
2 910
0 760
687
868 79
679
640
584
362
401 699
101 835
181
746
507
744 471
11
103
790
656
931
811
585 928
848
759 6
165 510
36 432
169 180
325
150 716
429
470 947
610
294
560
807
491
642
446
833 117
698 443
218 856
336 521
637 403
200 262
59 384
739
50
297 163
669
296
332
182 813
189
880
684 737
691
717 466
38
306 659
827
207 566
578 402
555
986
830
84 558
505
217
506
12 853
278
281
766
272
39
719
224 153
660 571
542 475
185 911
742
781 273
193
360
914
331 544
788 952
570
348
303
775
4
265
844
463
814 85
25
671
526
75
305
923
667
170
177
929 609
89
422 662
310 589
819
458 366
495 883
954
392 452
875
52 534
735 227
831
135
126 102
777
533
140
8 751
106
708
889
234 57
56
254
62
408 847
724
725
767
276
44 800
352
802
611
423
990 838
843
196
255
518 753
623
930 426
743
73
195 95
372 172
921
992
855
99 635
100
951
1
592
706
794 866
553 912
382 876
295 846
685 579
81
478 15
519
78
780
515
308
936
197
341 55
969
682
492 80
164
901 861
688
246 318
731 695
824 937
316
451
924
966
891 96
114 151
292
502
322 894
785
376 40
388 339
863
747
946 622
552 689
841 726
606
757
628 290
916 155
547 365
854
405 226
935
369
282
298
988 686
680
396
72 469
605
895
953 673
125
230
955
768
976
932 545
569
313
54 949
364
240
864
837 345
467
404
92
858 97
167
523 568
439
758 968
490 984
134 873
274
631 256
987
425
450
277
148
161 390
882 918
83
636 750
732
836
329
939
374
42
888
304 266
736
37 249
407 138
997
561
871 424
870
862 496
221 76
551
5
728
477
311
357
259 238
820
881 943
393
664 61
581 991
595 307
312
655
136
209
597
624 344
359 920
320
110
116 665
445 53
925
877
239
179
740 705
121
538
950
962
959
668 175
723
970
214 721
872 152
115 131
748
530
512 353
130 190
60
527 66
300
718
588
330 793
377
231 524
51 511
483
228
784
232
755
267
548 773
371 958
127
361
456
651 996
672
543 643
857 633
727
762 522
351
397
191 146
612 118
639
963
649
712
251
583 147
776
634 91
178
973 206
815
453
965 338
389
124 487
596
3
981 898
349
49 248
45
319
600 204
874
46 683
729
326
783 608
289 419
347
550
479
122
934 715
436
370
646
334
82 801
615 399
960 675
416
771
213
887
803
957 128
64 444
411
241
43
556
905
387
663
442
47 897
531
619 818
798 985
488
219
321 375
342
782 173
457
978
257 144
120
223 700
17
166
850
315
245
286
90
174
842
629
412
825 385
704
983
676 108
395 465
194
822
431
890
10 577
626
652
799
792
557
567
500
202
187
907
317
427 252
559
222
340
381
860
906
199 674
722
420
720 999
400
806 20
417 158
975
413 373
733
948
942
132
779
258
236 32
919 459
893
367
269 383
186
354
421
291 765
250 697
67 879
280 904
23
327 188
787
741
859
74
532
786
865
772
481 93
738
406
107
791
247
832 156
554
157 343
27 617
386 242
535 528
205
711 598
812
216
448
203
449 884
68 657
284
271 31
476 162
33
913
48
168 763
892 243
956 494
681 710
279
867
964
215 961
627
441
580 183
368 244
770 253
546
902 590
852
702
821
301
540
638
823
761
809
35
591
926
29
508
745
220
154
323
693
661 903
563 601
826
212
607 752
678
980 834
504
915 940
658
602
994
536
979 995
575
516
437 418
797 993
840 198
34
998
654
513 434
261
707
938
489
302
972
982 603
283
690
756
430
917
26 58
299
13
356
394 474
484 455
730
268
414 461
754
378
839
493
141
16
119 123
614
529 337
473
537 909
692
885 587
391
565
109
433
145
233
713
454 270
539
171 503
184
974 335
670 88
21
111
989
509
644
263 398
517 65
77
764
701 828
810 586
275
428 501
576
142
604
499
69 599
208
24
977 927
541
769 415
845
9
574
358
734
113
19
235
497
7
63
749 573
641
650
520
435
137 464
549
14
486
804
829
886
816 355
703 795
647
462
112
160 696
480
70
229
201
87
899
