750
723
200 262
531
719
386 242
507
811
495 883
42
860
437 418
19
333
276
794 866
225
223 700
245
379
971
214 721
921
211
615 399
771
360
989
982 603
809
485
530
4
851
377
11
938
303
149
749 573
717 466
280 904
776
473
565
135
421
394 474
282
431
837 345
34
775
816 355
51 511
711 598
745
814 85
939
429
576
231 524
656
271 31
311
585 928
396
543 643
351
479
14
411
205
284
919 459
849
408 847
516
81
946 622
682
648
169 180
354
859
611
486
787
126 102
840 198
24
136
593
914
529 337
670 88
23
677
980 834
512 353
321 375
604
560
130 190
742
313
372 172
774 86
305
691
649
567
435
950
660 571
722
222
652
540
233
596
119 123
614
295 846
627
410 133
174
246 318
382 876
672
877
416
48
747
389
352
606
930 426
446
21
293
575
74
316
331 544
178
975
790
893
258
725
47 897
875
679
18 288
824 937
448
959
482 709
694
830
87
850
644
532
836
922
59 384
690
489
52 534
735 227
272
346
870
69 599
887
181
441
210
328
746
39
224 153
336 521
508
116 665
44 800
134 873
38
514
785
177
332
302
815
570
757
26 58
582 363
886
77
259 238
247
67 879
559
229
114 151
517 65
618 941
29
693
688
878
84 558
420
500
317
433
624 344
552 689
572 789
304 266
621
184
724
17
549
607 752
83
292
580 183
664 61
141
867
843
740 705
161 390
808 620
120
845
994
157 343
759 6
436
630 525
936
492 80
778
822
199 674
218 856
193
584
203
708
257 144
732
977 927
98
425
900
748
902 590
554
447 564
969
782 173
160 696
636 750
219
610
103
255
289 419
998
533
209
264 967
641
756
458 366
841 726
111
518 753
277
823
274
186
505
139
933
623
1
783 608
3
762 522
997
881 943
550
330 793
240
236 32
13
955
731 695
491
112
212
5
964
315
361
196
376 40
556
412
983
986
844
109
826
504
733
325
62
460
16
713
478 15
651 996
520
640
260
929 609
626
681 710
230
663
730
805 796
597
727
381
192
380
981 898
323
387
916 155
215 961
326
542 475
820
10 577
852
279
472
829
267
962
417 158
234 57
208
647
216
951
738
171 503
28
202
831
551
932 545
63
167
263 398
228
895
754
944
638
413 373
164
110
523 568
480
281
90
821
462
306 659
913
37 249
0 760
915 940
839
864
758 968
858 97
148
974 335
935
583 147
49 248
780
990 838
309
506
232
972
107
407 138
889
502
145
170
973 206
908
992
646
865
871 424
320
885 587
978
348
819
728
702
788 952
755
294
639
310 589
312
718
445 53
428 501
942
393
734
802
301
703 795
917
953 673
404
629
463
71 129
46 683
707
493
235
970
278
923
414 461
798 985
548 773
827
359 920
430
764
777
926
450
637 403
50
988 686
987
574
237 105
880
537 909
197
729
391
166
322 894
440
616
812
527 66
513 434
779
882 918
612 118
642
104 285
45
251
768
269 383
194
121
132
27 617
899
857 633
855
371 958
451
490 984
483
100
509
592
187
825 385
976
536
185 911
784
422 662
896
213
296
743
906
498 817
401 699
367
254
362
41
671
602
342
963
539
488
833 117
476 162
36 432
189
781 273
766
265
588
890
99 635
300
631 256
286
140
661 903
676 108
449 884
176
744 471
484 455
956 494
392 452
650
168 763
127
557
33
2 910
467
526
101 835
250 697
457
220
9
701 828
797 993
645
698 443
201
684 737
595 307
535 528
619 818
364
848
124 487
400
8 751
341 55
142
791
669
423
406
581 991
347
308
810 586
150 716
297 163
770 253
137 464
632 945
291 765
546
395 465
22
64 444
122
863
298
804
739
854
283
515
7
241
405 226
907
409 324
625 666
358
327 188
792
165 510
613
56
43
369
54 949
477
892 243
555
806 20
468
704
680
72 469
578 402
842
456
569
92
667
287
481 93
217
591
561
356
869
655
70
12 853
960 675
454 270
803
687
799
925
714 143
115 131
314
934 715
654
370
891 96
948
35
427 252
605
678
954
182 813
78
378
538
905
438 653
25
499
106
470 947
901 861
924
786
736
453
966
628 290
191 146
179
334
30 94
442
368 244
239
89
519
594
807
268
706
832 156
374
497
195 95
874
965 338
741
553 912
350 562
957 128
275
872 152
767
113
979 995
888
154
600 204
769 415
60
75
563 601
73
349
712
82 801
658
221 76
125
329
862 496
761
541
685 579
692
720 999
772
299
357
207 566
68 657
868 79
668 175
319
931
340
634 91
439
261
397
159
388 339
547 365
