750
519
882 918
644
417 158
305
682
130 190
624 344
331 544
668 175
2 910
1
325
956 494
351
713
981 898
60
319
181
184
271 31
410 133
377
433
208
707
851
832 156
582 363
176
280 904
395 465
805 796
215 961
127
555
768
36 432
641
508
408 847
889
930 426
380
114 151
944
368 244
414 461
369
84 558
931
867
660 571
747
734
821
328
308
221 76
336 521
361
174
738
235
836
349
723
213
934 715
872 152
706
692
908
0 760
862 496
574
315
224 153
78
354
896
411
840 198
844
37 249
161 390
815
982 603
977 927
515
205
302
649
526
435
121
18 288
785
990 838
907
596
416
430
542 475
787
43
488
282
7
647
49 248
189
790
457
837 345
470 947
743
593
321 375
656
895
4
919 459
64 444
888
292
979 995
214 721
975
332
556
781 273
875
685 579
199 674
681 710
942
572 789
272
29
44 800
719
304 266
863
670 88
168 763
917
575
295 846
538
600 204
284
520
230
359 920
294
849
770 253
811
247
371 958
396
886
916 155
901 861
104 285
357
816 355
132
529 337
12 853
317
766
468
516
616
563 601
265
59 384
245
47 897
651 996
506
639
68 657
120
107
301
704
26 58
922
527 66
804
341 55
10 577
169 180
581 991
966
537 909
505
379
678
281
449 884
539
484 455
618 941
177
613
548 773
428 501
489
261
870
115 131
764
585 928
628 290
532
560
874
570
458 366
109
507
126 102
669
914
237 105
893
500
604
73
124 487
718
313
597
646
193
823
92
293
39
554
631 256
688
963
858 97
708
119 123
427 252
276
442
436
186
841 726
932 545
740 705
413 373
722
460
749 573
629
140
588
41
533
854
946 622
626
973 206
762 522
446
994
667
791
90
757
672
35
777
869
19
711 598
637 403
491
693
393
219
663
106
878
611
744 471
679
826
195 95
333
3
329
809
729
997
87
802
122
717 466
810 586
376 40
453
915 940
774 86
561
330 793
275
431
23
541
983
559
70
350 562
24
34
171 503
134 873
170
772
936
580 183
992
254
322 894
612 118
28
352
100
794 866
268
165 510
389
438 653
745
362
480
83
139
512 353
274
481 93
255
364
21
218 856
830
191 146
652
392 452
546
17
658
553 912
899
929 609
755
52 534
113
412
298
289 419
732
594
13
454 270
327 188
405 226
514
111
754
531
610
448
935
900
742
880
46 683
808 620
775
630 525
42
806 20
63
48
602
535 528
269 383
842
614
401 699
101 835
75
241
451
786
871 424
756
769 415
677
394 474
145
200 262
323
217
473
758 968
45
160 696
407 138
81
201
50
225
957 128
476 162
812
724
584
22
30 94
499
182 813
782 173
913
125
477
135
972
877
440
27 617
232
462
222
536
422 662
730
771
287
890
905
969
300
684 737
530
38
951
326
378
154
9
164
397
231 524
136
116 665
567
386 242
421
831
921
654
523 568
906
971
857 633
736
497
103
67 879
283
72 469
739
576
309
463
623
11
547 365
74
540
712
246 318
970
194
340
825 385
703 795
5
691
543 643
387
98
110
320
141
178
311
486
645
998
727
625 666
509
51 511
388 339
342
391
829
964
185 911
166
286
731 695
621
592
551
827
557
490 984
212
54 949
62
207 566
89
632 945
933
953 673
267
746
14
314
370
784
607 752
406
420
965 338
312
492 80
495 883
852
263 398
478 15
819
939
259 238
778
902 590
550
278
868 79
33
636 750
986
799
638
518 753
820
698 443
306 659
733
260
179
202
950
792
680
360
591
814 85
310 589
16
803
220
347
112
192
483
504
701 828
687
450
595 307
279
976
258
236 32
987
565
865
240
948
605
239
648
761
664 61
824 937
203
372 172
650
924
885 587
197
82 801
925
251
297 163
8 751
938
400
720 999
69 599
671
864
783 608
923
578 402
797 993
210
735 227
187
157 343
303
822
299
356
211
776
234 57
848
728
619 818
216
634 91
859
887
381
25
955
257 144
959
409 324
502
437 418
978
482 709
467
374
296
513 434
250 697
780
989
142
569
833 117
615 399
954
714 143
209
346
229
196
159
855
479
767
167
974 335
642
759 6
583 147
661 903
892 243
962
264 967
606
850
223 700
690
926
779
316
71 129
149
694
485
807
988 686
741
860
676 108
429
980 834
640
277
843
137 464
845
493
441
77
404
881 943
148
367
228
425
423
472
498 817
552 689
725
627
702
549
358
788 952
839
334
348
447 564
456
748
445 53
798 985
56
439
150 716
517 65
960 675
233
291 765
382 876
891 96
99 635
655
