750
495 883
56
483
428 501
479
761
240
111
212
816 355
261
52 534
648
727
827
274
605
372 172
982 603
527 66
482 709
493
378
289 419
298
320
310 589
154
332
498 817
596
619 818
149
919 459
67 879
538
69 599
678
50
174
492 80
698 443
294
957 128
951
422 662
448
832 156
460
812
882 918
955
201
841 726
177
505
886
116 665
786
731 695
221 76
548 773
137 464
12 853
135
303
869
851
60
829
722
953 673
440
885 587
576
836
346
293
457
908
900
594
166
77
749 573
733
935
393
10 577
725
738
282
870
412
791
230
508
768
247
463
316
191 146
5
997
48
531
184
269 383
612 118
121
857 633
913
825 385
735 227
748
693
125
441
736
222
681 710
417 158
208
889
799
499
597
930 426
942
218 856
275
934 715
114 151
830
90
336 521
787
456
416
988 686
613
557
179
224 153
649
0 760
447 564
893
685 579
944
165 510
581 991
413 373
467
732
704
35
593
43
888
769 415
64 444
588
113
719
591
784
583 147
268
99 635
329
182 813
640
334
811
561
169 180
25
872 152
411
638
170
878
639
654
630 525
739
788 952
770 253
37 249
132
87
214 721
759 6
864
291 765
368 244
51 511
554
160 696
119 123
357
354
506
624 344
516
931
325
780
636 750
193
98
120
687
100
407 138
313
352
276
744 471
181
964
225
677
78
578 402
176
453
488
777
626
703 795
347
845
107
209
295 846
563 601
929 609
39
874
684 737
486
8 751
641
304 266
989
255
954
396
962
280 904
333
606
973 206
110
790
513 434
233
38
833 117
621
717 466
743
860
392 452
713
369
794 866
542 475
210
767
237 105
766
207 566
231 524
33
549
509
628 290
891 96
161 390
439
523 568
472
655
480
519
604
921
718
228
714 143
306 659
742
484 455
491
41
724
541
972
629
543 643
458 366
572 789
82 801
21
127
595 307
164
680
810 586
195 95
514
656
213
611
776
358
421
602
734
809
302
905
92
536
822
408 847
217
986
844
963
397
3
607 752
610
71 129
871 424
388 339
669
670 88
546
374
433
134 873
16
946 622
187
729
966
442
774 86
312
28
115 131
863
386 242
848
661 903
614
797 993
529 337
435
219
745
652
901 861
688
450
406
281
515
2 910
235
192
409 324
361
970
311
451
189
906
740 705
575
250 697
126 102
101 835
258
63
932 545
200 262
821
326
600 204
782 173
360
667
202
401 699
367
425
136
356
394 474
632 945
969
84 558
526
855
279
890
701 828
569
939
959
764
980 834
9
59 384
1
371 958
807
540
530
974 335
232
783 608
504
994
387
867
555
377
936
559
124 487
644
850
535 528
13
239
168 763
574
792
197
852
497
917
18 288
592
507
216
916 155
854
287
245
328
651 996
323
804
489
229
148
11
362
933
585 928
104 285
308
820
896
309
778
924
220
277
26 58
692
429
567
430
668 175
956 494
297 163
49 248
981 898
74
694
843
431
842
142
89
62
30 94
70
327 188
550
395 465
305
81
490 984
865
379
331 544
139
271 31
246 318
157 343
702
349
54 949
757
83
141
518 753
159
618 941
711 598
637 403
296
330 793
650
265
4
983
205
862 496
481 93
267
257 144
317
552 689
382 876
381
260
223 700
887
747
130 190
283
971
712
47 897
75
570
370
708
436
756
171 503
880
42
785
914
341 55
405 226
960 675
978
803
259 238
706
762 522
199 674
414 461
923
389
849
615 399
679
819
234 57
532
831
663
631 256
7
391
477
547 365
299
556
858 97
691
671
565
965 338
364
875
462
34
241
427 252
449 884
998
806 20
730
707
24
215 961
859
925
728
580 183
839
178
292
950
445 53
987
23
284
44 800
278
263 398
824 937
17
322 894
342
468
837 345
658
660 571
948
272
975
815
446
29
454 270
922
301
979 995
976
106
380
476 162
348
36 432
840 198
772
895
814 85
315
877
755
682
500
351
746
645
211
236 32
775
754
533
992
314
802
537 909
902 590
140
779
623
14
758 968
423
926
194
251
584
646
286
400
977 927
112
517 65
881 943
196
438 653
109
264 967
990 838
634 91
741
826
915 940
672
485
907
553 912
520
437 418
502
150 716
808 620
203
616
46 683
359 920
823
103
319
798 985
22
771
892 243
27 617
805 796
664 61
340
625 666
560
167
478 15
690
868 79
539
627
19
321 375
720 999
68 657
781 273
473
676 108
470 947
122
254
512 353
647
73
72 469
938
185 911
899
376 40
582 363
410 133
723
420
300
350 562
404
551
186
145
45
642
