750
833 117
664 61
567
929 609
516
246 318
808 620
572 789
977 927
221 76
536
971
966
89
860
756
637 403
994
844
936
832 156
559
251
802
413 373
92
405 226
685 579
476 162
888
759 6
585 928
625 666
348
717 466
157 343
646
231 524
209
380
200 262
448
2 910
357
24
211
197
154
330 793
50
28
730
738
739
764
712
724
648
823
502
60
732
362
116 665
350 562
441
488
449 884
25
576
610
329
29
551
636 750
457
854
59 384
827
895
956 494
769 415
757
921
688
296
794 866
881 943
749 573
639
530
992
807
529 337
938
259 238
742
208
27 617
451
547 365
557
17
962
305
52 534
453
73
806 20
111
725
960 675
714 143
308
257 144
213
706
3
707
359 920
74
932 545
837 345
744 471
830
855
766
439
406
690
43
30 94
997
346
8 751
768
232
304 266
478 15
755
917
680
611
78
799
379
264 967
69 599
184
542 475
778
954
537 909
408 847
177
788 952
389
658
422 662
692
682
644
745
626
223 700
349
618 941
67 879
381
292
886
427 252
212
600 204
220
101 835
774 86
974 335
263 398
877
602
178
354
467
704
772
463
718
271 31
388 339
301
758 968
68 657
115 131
149
295 846
258
785
287
642
387
274
761
556
22
825 385
37 249
890
320
905
509
135
809
130 190
247
848
236 32
161 390
420
352
397
194
734
980 834
814 85
98
109
676 108
167
297 163
327 188
631 256
279
604
605
615 399
687
310 589
982 603
396
826
255
987
205
70
915 940
215 961
284
315
565
289 419
423
62
660 571
722
845
36 432
698 443
336 521
667
520
919 459
857 633
192
850
414 461
868 79
281
805 796
979 995
563 601
810 586
843
748
677
293
369
852
168 763
619 818
616
671
45
913
193
333
179
202
400
650
412
900
229
368 244
41
953 673
291 765
526
468
34
719
641
250 697
779
391
869
634 91
410 133
64 444
421
595 307
136
540
334
225
294
548 773
219
498 817
588
841 726
513 434
948
322 894
824 937
612 118
207 566
121
411
42
859
819
99 635
275
445 53
261
519
531
957 128
230
409 324
649
594
606
13
107
885 587
708
438 653
484 455
629
19
191 146
723
132
1
458 366
880
311
863
858 97
839
277
645
433
896
125
628 290
114 151
63
538
217
902 590
951
580 183
241
784
14
126 102
237 105
326
82 801
119 123
472
872 152
887
378
647
71 129
145
593
376 40
429
500
720 999
575
820
169 180
840 198
812
691
218 856
26 58
361
356
578 402
425
87
988 686
370
926
239
54 949
401 699
104 285
176
638
652
790
160 696
9
446
456
767
899
582 363
570
47 897
214 721
862 496
804
816 355
963
166
811
668 175
187
591
164
569
492 80
347
234 57
100
803
170
4
393
906
630 525
836
944
930 426
120
539
523 568
245
437 418
298
607 752
959
0 760
965 338
435
983
430
319
842
331 544
106
867
268
776
964
508
51 511
44 800
923
623
597
127
733
670 88
189
316
497
372 172
584
728
358
891 96
787
5
878
228
541
654
75
561
306 659
871 424
404
655
989
729
23
417 158
323
33
998
934 715
35
935
543 643
713
216
325
90
196
309
669
592
663
314
222
321 375
134 873
267
624 344
555
203
224 153
517 65
260
416
865
312
946 622
49 248
377
493
159
490 984
302
254
371 958
546
303
864
735 227
535 528
798 985
981 898
140
829
18 288
549
978
770 253
560
514
360
470 947
505
740 705
504
942
21
280 904
233
678
512 353
392 452
701 828
515
481 93
831
83
482 709
491
340
407 138
574
199 674
791
554
907
614
364
278
341 55
786
460
332
939
431
901 861
436
973 206
11
12 853
46 683
139
103
874
382 876
851
210
693
908
395 465
141
532
485
39
849
479
367
328
621
150 716
454 270
342
351
815
7
518 753
272
447 564
731 695
914
374
84 558
81
428 501
893
922
477
480
627
771
276
950
110
165 510
235
553 912
181
681 710
174
780
10 577
313
269 383
747
483
527 66
743
596
450
386 242
113
142
783 608
171 503
892 243
870
462
122
282
394 474
925
195 95
694
124 487
283
741
679
972
38
489
703 795
672
969
240
970
975
754
711 598
632 945
821
651 996
613
265
201
746
986
48
762 522
440
552 689
317
473
931
640
792
797 993
875
299
286
702
924
736
507
148
185 911
182 813
933
684 737
661 903
486
822
976
506
777
550
781 273
782 173
882 918
56
186
137 464
583 147
656
581 991
300
916 155
533
889
16
112
775
442
499
72 469
495 883
990 838
727
955
77
