750
292
396
650
644
397
807
39
575
955
925
228
298
743
806 20
778
916 155
389
309
594
103
382 876
872 152
537 909
171 503
572 789
864
694
893
150 716
512 353
951
314
216
628 290
5
48
747
176
291 765
230
687
98
693
684 737
896
621
583 147
45
414 461
427 252
678
576
280 904
73
212
482 709
565
988 686
997
106
878
294
758 968
520
881 943
704
182 813
388 339
749 573
539
194
754
507
247
831
569
410 133
899
63
871 424
810 586
791
938
850
803
739
116 665
330 793
597
820
735 227
4
980 834
225
235
305
724
268
976
90
407 138
887
237 105
436
208
825 385
895
756
101 835
554
857 633
356
679
618 941
7
477
548 773
655
394 474
774 86
412
386 242
404
254
279
935
746
347
359 920
950
52 534
457
924
439
755
553 912
207 566
680
215 961
982 603
241
875
458 366
942
62
533
923
506
640
485
479
130 190
802
148
333
664 61
515
431
22
563 601
259 238
880
552 689
973 206
274
812
815
591
10 577
326
637 403
205
588
517 65
790
481 93
718
486
606
867
783 608
663
201
381
488
535 528
119 123
189
37 249
78
92
209
82 801
221 76
408 847
648
472
281
701 828
364
289 419
296
712
25
218 856
682
310 589
185 911
348
670 88
733
641
27 617
257 144
661 903
231 524
638
771
516
269 383
798 985
772
981 898
240
616
77
83
478 15
946 622
442
688
220
360
858 97
863
536
919 459
13
656
671
989
14
395 465
17
41
502
780
859
219
518 753
411
822
956 494
423
255
490 984
287
757
546
8 751
401 699
734
977 927
42
649
907
727
974 335
445 53
969
11
823
862 496
177
114 151
868 79
934 715
559
530
885 587
480
75
983
311
196
161 390
900
540
267
905
346
0 760
777
34
87
532
435
914
578 402
200 262
939
992
293
54 949
975
731 695
580 183
400
308
930 426
719
416
775
213
786
405 226
720 999
855
543 643
165 510
186
623
340
329
277
110
497
681 710
965 338
848
584
560
714 143
781 273
766
741
317
49 248
33
607 752
265
830
56
922
484 455
804
428 501
199 674
767
865
809
541
582 363
994
125
154
286
849
717 466
168 763
561
843
827
759 6
860
600 204
169 180
89
890
632 945
325
784
377
691
9
702
122
223 700
467
645
342
948
523 568
708
526
725
334
842
113
361
60
998
742
901 861
604
614
652
210
380
229
283
844
179
816 355
224 153
132
420
233
109
555
585 928
929 609
634 91
836
672
595 307
785
429
964
111
986
805 796
263 398
272
21
413 373
29
970
271 31
932 545
369
159
768
839
851
787
181
729
378
167
870
473
527 66
328
59 384
246 318
668 175
837 345
178
602
685 579
323
145
374
232
917
833 117
149
596
202
195 95
251
362
491
275
24
829
124 487
476 162
264 967
495 883
341 55
631 256
134 873
824 937
931
462
677
944
425
140
570
222
250 697
821
112
104 285
690
332
770 253
845
236 32
744 471
160 696
447 564
651 996
882 918
278
376 40
71 129
51 511
738
740 705
892 243
446
960 675
978
1
660 571
84 558
100
239
107
698 443
470 947
706
808 620
971
819
406
886
451
43
728
647
81
351
438 653
121
448
972
38
957 128
531
2 910
299
300
612 118
46 683
627
826
321 375
626
371 958
933
891 96
611
625 666
64 444
776
456
197
67 879
713
139
514
3
581 991
550
350 562
327 188
711 598
736
174
593
282
504
529 337
549
320
316
313
613
519
874
610
36 432
782 173
306 659
19
297 163
349
47 897
509
889
203
492 80
814 85
354
433
908
260
730
387
370
538
574
454 270
987
460
841 726
954
926
319
854
50
493
567
26 58
629
258
184
137 464
453
276
915 940
913
692
745
840 198
126 102
191 146
368 244
556
792
393
336 521
658
304 266
322 894
592
508
615 399
636 750
557
170
832 156
421
166
35
303
74
440
187
315
437 418
888
417 158
302
513 434
732
852
141
468
357
301
500
630 525
959
723
962
748
676 108
120
990 838
44 800
192
295 846
352
261
367
722
234 57
639
136
379
483
788 952
372 172
392 452
642
449 884
391
605
761
799
707
157 343
164
499
869
877
115 131
646
547 365
72 469
498 817
127
794 866
284
624 344
619 818
68 657
12 853
312
811
936
142
963
654
779
422 662
769 415
921
331 544
450
217
542 475
30 94
70
703 795
902 590
764
669
489
551
966
953 673
193
762 522
430
214 721
211
16
667
409 324
69 599
463
505
441
979 995
23
797 993
135
358
245
906
99 635
18 288
28
