750
482 709
863
220
648
186
215 961
207 566
816 355
768
219
640
168 763
98
214 721
902 590
473
798 985
740 705
664 61
211
197
196
500
707
783 608
823
176
584
728
124 487
135
703 795
72 469
787
917
677
305
540
754
717 466
454 270
960 675
437 418
374
626
231 524
730
572 789
342
777
203
661 903
479
950
269 383
549
37 249
319
650
546
745
490 984
663
330 793
364
502
685 579
328
908
735 227
747
829
775
688
554
868 79
174
116 665
604
114 151
714 143
279
414 461
539
169 180
423
456
228
120
440
786
457
89
498 817
742
594
698 443
938
425
652
480
627
200 262
382 876
858 97
757
582 363
491
537 909
312
610
774 86
304 266
293
791
980 834
565
264 967
87
372 172
69 599
54 949
508
139
216
92
596
121
649
668 175
483
392 452
832 156
21
569
193
232
588
906
393
450
556
70
837 345
298
313
35
597
712
405 226
926
10 577
701 828
896
885 587
236 32
507
359 920
14
33
505
157 343
563 601
680
472
865
137 464
660 571
49 248
655
746
51 511
667
939
822
7
230
22
634 91
78
331 544
767
308
371 958
602
284
321 375
107
520
181
109
973 206
268
295 846
802
348
320
636 750
194
497
656
74
111
468
299
935
869
103
225
792
291 765
891 96
332
772
395 465
261
489
970
235
629
738
744 471
376 40
870
646
654
306 659
356
529 337
682
875
551
301
492 80
724
470 947
142
645
245
739
881 943
184
978
605
647
327 188
445 53
13
953 673
788 952
770 253
68 657
394 474
951
199 674
583 147
882 918
499
361
694
202
962
932 545
827
62
326
859
442
263 398
358
886
409 324
357
289 419
840 198
781 273
136
955
994
334
804
874
919 459
315
578 402
771
638
271 31
126 102
854
959
670 88
824 937
936
458 366
946 622
26 58
165 510
611
387
150 716
553 912
974 335
222
145
192
807
50
349
52 534
972
46 683
210
115 131
790
630 525
274
127
895
451
764
821
467
615 399
441
276
625 666
187
658
397
400
41
741
825 385
575
844
488
526
782 173
386 242
988 686
354
977 927
755
286
839
43
733
678
140
412
794 866
964
287
616
302
913
9
427 252
780
265
377
852
159
803
110
681 710
148
519
922
679
966
439
815
878
83
820
447 564
830
614
979 995
247
761
706
171 503
45
368 244
370
257 144
310 589
843
161 390
631 256
517 65
963
341 55
867
809
90
149
259 238
864
208
933
433
84 558
613
350 562
380
44 800
841 726
322 894
890
38
294
849
811
693
281
915 940
28
766
957 128
785
191 146
812
17
810 586
805 796
998
515
417 158
388 339
585 928
101 835
532
23
463
851
2 910
36 432
189
504
581 991
446
729
484 455
944
704
378
514
779
282
784
923
842
160 696
27 617
185 911
725
547 365
542 475
506
4
421
5
396
808 620
592
934 715
254
250 697
527 66
267
671
201
907
352
19
195 95
476 162
177
234 57
632 945
799
806 20
179
329
47 897
389
989
591
550
300
166
100
323
541
311
478 15
130 190
347
406
702
531
836
848
914
60
217
369
713
420
871 424
428 501
969
548 773
495 883
887
3
826
260
77
316
221 76
690
278
351
296
723
523 568
360
819
218 856
639
25
557
56
831
533
931
239
224 153
141
75
362
325
233
669
213
986
965 338
11
987
684 737
367
560
992
438 653
916 155
333
983
719
975
408 847
167
413 373
600 204
112
736
67 879
422 662
346
16
561
748
924
1
0 760
651 996
641
687
857 633
619 818
606
448
241
462
59 384
535 528
612 118
732
280 904
580 183
272
731 695
621
628 290
71 129
24
251
477
381
42
552 689
850
29
758 968
997
486
209
485
900
309
212
125
223 700
570
82 801
862 496
237 105
407 138
453
410 133
720 999
981 898
990 838
113
929 609
431
567
481 93
892 243
229
64 444
877
314
543 643
860
8 751
170
435
536
401 699
240
18 288
283
119 123
814 85
530
379
73
509
778
430
607 752
889
164
297 163
411
63
948
872 152
624 344
727
436
493
48
845
122
676 108
574
512 353
303
576
449 884
797 993
518 753
460
516
178
205
559
99 635
776
292
106
134 873
246 318
34
901 861
154
905
644
255
672
692
391
104 285
637 403
899
623
555
258
954
81
277
275
182 813
708
340
880
734
982 603
711 598
971
756
759 6
429
317
925
762 522
833 117
893
618 941
769 415
749 573
976
132
336 521
855
12 853
722
718
39
930 426
888
593
743
956 494
595 307
691
513 434
642
416
404
30 94
921
538
942
