750
427 252
346
872 152
421
29
250 697
391
37 249
132
409 324
69 599
704
357
863
136
761
326
556
4
374
209
508
191 146
159
808 620
297 163
656
576
799
786
341 55
447 564
560
49 248
570
405 226
965 338
247
107
774 86
505
367
377
26 58
959
836
922
462
693
612 118
638
484 455
495 883
348
382 876
740 705
231 524
671
531
340
929 609
632 945
279
711 598
101 835
614
649
804
84 558
43
502
907
272
109
110
741
896
395 465
311
530
963
317
328
974 335
845
966
698 443
360
45
67 879
467
785
48
977 927
164
712
351
841 726
806 20
764
956 494
275
235
280 904
112
610
90
899
973 206
417 158
981 898
222
2 910
141
537 909
865
476 162
820
964
591
137 464
574
561
500
605
584
154
969
320
529 337
595 307
319
293
647
723
412
333
361
777
743
626
269 383
814 85
826
572 789
127
652
149
439
688
380
8 751
103
960 675
641
246 318
212
916 155
60
327 188
917
881 943
36 432
214 721
513 434
168 763
178
871 424
201
889
840 198
255
450
230
735 227
707
729
935
196
926
240
52 534
627
499
478 15
302
114 151
770 253
924
41
623
738
625 666
304 266
217
265
848
581 991
236 32
990 838
11
0 760
915 940
174
825 385
281
274
629
303
161 390
332
73
803
46 683
408 847
422 662
509
457
10 577
83
604
611
71 129
997
630 525
394 474
900
313
901 861
933
498 817
748
616
939
176
870
16
99 635
851
111
934 715
810 586
978
893
261
676 108
663
824 937
35
239
182 813
397
821
597
199 674
628 290
989
463
17
193
310 589
585 928
720 999
551
578 402
81
640
296
842
930 426
18 288
392 452
200 262
401 699
287
518 753
322 894
207 566
644
139
706
701 828
832 156
606
51 511
860
329
837 345
472
854
263 398
5
857 633
746
286
454 270
436
9
433
827
549
358
621
169 180
923
23
414 461
396
314
489
368 244
177
100
283
538
186
554
992
406
264 967
946 622
294
728
742
557
148
833 117
654
218 856
134 873
376 40
22
441
567
794 866
400
736
241
976
482 709
7
485
189
254
783 608
165 510
858 97
819
260
869
791
170
855
145
167
194
547 365
120
553 912
479
938
536
563 601
762 522
672
637 403
767
12 853
300
852
197
691
809
830
210
805 796
642
682
39
575
305
888
38
416
78
1
77
645
372 172
456
160 696
546
370
792
30 94
215 961
232
994
754
56
758 968
648
913
413 373
451
988 686
880
130 190
369
739
936
787
713
684 737
282
233
955
646
42
823
980 834
473
759 6
517 65
755
542 475
998
944
258
268
277
849
975
470 947
613
50
359 920
593
453
429
639
516
831
116 665
477
142
423
957 128
766
259 238
124 487
299
850
278
811
618 941
878
592
87
446
126 102
504
276
539
75
381
519
655
942
21
987
308
449 884
378
874
757
430
92
192
749 573
634 91
438 653
219
28
607 752
354
565
877
312
34
812
491
428 501
631 256
771
815
862 496
460
908
864
972
769 415
734
921
950
690
213
104 285
468
386 242
602
932 545
493
89
72 469
216
205
342
350 562
352
541
185 911
543 643
24
756
208
798 985
727
730
951
552 689
445 53
291 765
914
669
14
982 603
594
784
334
425
106
667
768
492 80
559
410 133
68 657
651 996
125
157 343
349
135
364
692
44 800
839
867
224 153
306 659
245
202
515
843
62
905
267
25
807
59 384
532
919 459
325
203
782 173
548 773
776
664 61
636 750
844
778
902 590
223 700
906
150 716
295 846
440
962
331 544
323
98
488
780
670 88
27 617
540
187
747
301
497
140
316
887
63
54 949
890
458 366
181
725
480
661 903
668 175
615 399
388 339
506
829
702
379
481 93
171 503
121
970
371 958
772
166
483
744 471
569
237 105
681 710
802
931
437 418
745
971
507
70
179
442
234 57
225
526
717 466
719
886
512 353
731 695
868 79
680
336 521
113
514
33
47 897
448
588
309
347
550
679
404
875
714 143
722
619 818
82 801
583 147
523 568
533
724
694
387
986
64 444
678
677
211
527 66
733
882 918
184
925
983
953 673
393
195 95
389
292
600 204
420
979 995
115 131
718
289 419
13
229
535 528
892 243
779
703 795
816 355
859
407 138
435
948
411
781 273
650
321 375
685 579
775
19
220
122
284
228
790
221 76
687
431
119 123
251
490 984
658
582 363
315
891 96
732
520
885 587
257 144
486
74
356
708
298
954
596
624 344
362
660 571
271 31
788 952
555
797 993
3
822
580 183
330 793
895
