750
450
397
580 183
671
230
498 817
463
627
821
499
567
964
453
189
804
981 898
607 752
787
973 206
479
749 573
234 57
358
885 587
70
502
969
425
649
4
637 403
497
122
924
740 705
784
987
269 383
208
195 95
690
377
254
942
218 856
518 753
976
714 143
560
107
210
205
203
507
819
472
656
154
963
554
725
18 288
236 32
962
731 695
181
794 866
634 91
445 53
467
171 503
692
766
644
727
246 318
540
805 796
11
182 813
2 910
582 363
888
730
169 180
537 909
570
517 65
33
663
176
406
164
797 993
827
975
121
739
808 620
563 601
552 689
193
677
764
264 967
864
717 466
858 97
45
854
978
741
312
679
142
896
687
174
814 85
300
723
565
165 510
852
442
216
855
972
191 146
642
593
654
809
427 252
621
150 716
720 999
149
840 198
489
17
707
197
56
625 666
515
882 918
992
869
983
351
712
493
229
658
514
979 995
135
309
757
703 795
137 464
660 571
468
676 108
44 800
75
115 131
166
917
235
630 525
881 943
136
480
816 355
111
119 123
431
331 544
78
915 940
194
811
87
104 285
641
69 599
28
829
798 985
623
788 952
602
106
42
823
354
362
905
19
849
954
833 117
412
925
177
513 434
441
742
786
483
550
68 657
913
328
420
283
551
478 15
132
5
159
581 991
462
291 765
352
446
735 227
704
929 609
694
806 20
549
851
578 402
439
950
340
971
394 474
212
302
286
747
776
951
495 883
646
448
591
908
605
919 459
669
594
891 96
681 710
59 384
23
668 175
460
825 385
931
506
998
672
756
100
922
895
319
289 419
396
99 635
868 79
429
965 338
12 853
512 353
934 715
310 589
845
831
759 6
820
404
110
341 55
202
505
604
395 465
54 949
26 58
595 307
120
458 366
600 204
220
729
322 894
553 912
379
320
826
803
81
378
670 88
449 884
767
428 501
308
890
326
775
901 861
938
421
486
724
67 879
241
48
303
691
792
485
224 153
774 86
955
89
215 961
214 721
652
640
542 475
688
892 243
222
902 590
843
732
391
492 80
125
368 244
36 432
667
311
832 156
186
733
678
734
639
722
103
857 633
661 903
380
282
321 375
986
956 494
260
878
842
141
966
713
46 683
738
360
329
440
272
51 511
556
470 947
437 418
770 253
275
295 846
113
127
645
960 675
112
997
62
636 750
799
37 249
405 226
990 838
414 461
836
364
744 471
989
209
430
192
930 426
237 105
257 144
516
116 665
124 487
939
611
301
648
539
279
22
14
223 700
785
371 958
126 102
531
994
708
7
907
178
509
555
47 897
488
874
278
473
201
157 343
410 133
263 398
745
980 834
387
361
130 190
606
761
532
376 40
306 659
98
728
298
536
618 941
543 643
109
293
423
349
572 789
701 828
357
782 173
43
698 443
451
41
305
333
893
632 945
680
839
880
187
10 577
758 968
140
27 617
179
369
664 61
63
313
207 566
781 273
92
932 545
802
217
255
347
610
330 793
447 564
359 920
417 158
900
211
407 138
60
281
38
438 653
762 522
83
408 847
877
90
614
196
935
393
535 528
24
277
631 256
936
457
232
755
693
374
748
584
647
401 699
875
865
629
970
245
284
73
830
233
569
325
3
228
500
484 455
323
185 911
711 598
39
476 162
350 562
870
200 262
746
139
433
388 339
615 399
400
294
863
583 147
271 31
982 603
382 876
422 662
9
906
862 496
456
768
527 66
314
575
702
541
685 579
77
988 686
280 904
267
268
886
381
850
682
769 415
454 270
859
342
546
783 608
332
114 151
389
953 673
49 248
684 737
199 674
626
812
274
576
392 452
74
860
559
491
651 996
719
221 76
613
754
944
367
145
957 128
250 697
822
771
299
508
276
772
504
650
411
889
810 586
841 726
743
184
526
225
261
316
778
959
327 188
848
837 345
592
790
923
292
780
317
946 622
161 390
8 751
356
867
523 568
482 709
481 93
538
297 163
899
265
520
247
372 172
574
251
718
21
585 928
213
921
82 801
72 469
71 129
779
416
348
791
25
530
409 324
101 835
29
35
13
334
168 763
596
34
777
533
370
974 335
655
1
871 424
336 521
64 444
844
887
638
548 773
588
315
16
134 873
916 155
490 984
736
50
977 927
561
926
346
616
167
933
52 534
529 337
597
477
706
240
436
30 94
231 524
0 760
160 696
824 937
239
413 373
219
258
872 152
557
148
519
259 238
948
807
386 242
435
547 365
619 818
815
612 118
914
624 344
84 558
304 266
296
170
628 290
287
