750
535 528
727
448
832 156
369
457
688
412
233
401 699
905
423
728
848
11
877
477
100
647
240
493
257 144
554
445 53
842
584
77
90
127
299
950
923
975
235
72 469
213
83
392 452
735 227
621
533
488
641
289 419
718
221 76
408 847
624 344
893
583 147
747
607 752
546
39
886
596
889
833 117
356
219
264 967
627
734
515
276
816 355
476 162
387
18 288
331 544
552 689
739
756
924
323
184
164
957 128
468
531
427 252
892 243
421
261
660 571
820
676 108
819
822
64 444
929 609
575
28
21
98
436
557
301
810 586
168 763
983
731 695
761
931
296
254
199 674
896
837 345
636 750
906
43
470 947
969
712
191 146
646
145
370
831
770 253
880
45
582 363
744 471
234 57
870
104 285
166
682
746
783 608
400
776
12 853
202
672
733
27 617
859
371 958
395 465
902 590
749 573
658
16
693
48
815
462
794 866
26 58
549
73
37 249
292
919 459
885 587
99 635
492 80
962
63
808 620
565
453
942
821
467
875
278
553 912
994
19
486
618 941
298
630 525
189
482 709
687
580 183
863
1
215 961
778
388 339
748
431
3
825 385
440
867
170
844
677
741
413 373
300
451
209
539
310 589
197
389
429
606
489
871 424
555
736
836
495 883
921
966
550
36 432
639
798 985
330 793
458 366
769 415
792
944
267
970
759 6
806 20
308
690
473
978
887
116 665
516
514
729
110
743
411
62
420
450
786
425
60
563 601
232
520
490 984
251
368 244
259 238
663
829
684 737
216
973 206
979 995
982 603
988 686
891 96
320
71 129
386 242
250 697
691
13
241
922
631 256
725
711 598
698 443
864
207 566
772
328
491
103
500
115 131
785
649
865
30 94
872 152
272
581 991
7
483
148
551
934 715
277
41
75
694
284
359 920
342
570
367
823
92
286
569
275
824 937
268
914
391
322 894
297 163
629
394 474
507
141
463
768
314
140
650
730
481 93
405 226
220
287
446
827
333
200 262
972
623
274
908
312
54 949
34
237 105
217
529 337
132
22
543 643
228
14
932 545
340
319
854
374
913
948
585 928
245
378
781 273
532
107
572 789
959
654
862 496
843
406
703 795
740 705
651 996
574
24
939
484 455
701 828
505
456
341 55
81
915 940
678
757
478 15
187
855
977 927
165 510
182 813
157 343
347
327 188
602
10 577
595 307
8 751
986
917
992
265
998
805 796
745
397
936
858 97
325
758 968
964
149
874
186
112
109
0 760
351
754
460
790
971
540
600 204
203
437 418
615 399
239
526
208
74
414 461
638
124 487
803
499
506
70
597
321 375
857 633
512 353
362
685 579
346
954
222
380
811
334
779
101 835
295 846
611
46 683
956 494
890
89
946 622
441
681 710
125
706
428 501
223 700
938
648
336 521
201
313
379
702
303
25
196
361
258
738
707
195 95
797 993
176
372 172
430
246 318
567
44 800
519
51 511
963
68 657
774 86
644
645
974 335
160 696
2 910
560
194
69 599
708
472
935
393
193
888
667
130 190
205
989
179
454 270
38
294
271 31
668 175
360
614
120
517 65
578 402
106
167
417 158
509
479
161 390
661 903
35
135
541
782 173
87
807
976
224 153
293
348
766
604
547 365
352
717 466
17
178
438 653
50
126 102
720 999
305
508
218 856
777
377
139
231 524
315
349
211
523 568
350 562
181
302
497
122
214 721
502
845
899
433
121
788 952
354
625 666
634 91
407 138
771
142
610
396
134 873
981 898
329
799
530
714 143
680
767
980 834
422 662
247
291 765
316
309
84 558
925
410 133
841 726
311
593
722
656
692
49 248
119 123
809
849
719
670 88
159
174
177
357
283
447 564
449 884
664 61
326
542 475
804
439
376 40
850
358
255
762 522
5
960 675
955
364
281
556
637 403
4
559
212
605
987
82 801
282
548 773
317
154
640
851
791
513 434
669
652
561
504
869
764
404
67 879
416
42
881 943
626
23
826
926
137 464
498 817
951
755
592
9
594
33
612 118
113
840 198
263 398
381
990 838
953 673
679
304 266
713
628 290
485
136
409 324
236 32
280 904
930 426
997
56
150 716
111
537 909
812
435
52 534
588
114 151
332
901 861
616
780
613
306 659
279
260
185 911
59 384
900
878
814 85
830
619 818
802
916 155
225
229
171 503
907
169 180
210
442
655
576
269 383
382 876
671
480
591
518 753
724
852
192
965 338
882 918
933
732
839
723
642
784
527 66
860
632 945
29
47 897
78
704
536
895
538
787
775
742
868 79
230
