750
309
970
364
563 601
451
445 53
489
781 273
748
435
194
647
869
233
18 288
628 290
806 20
413 373
495 883
591
728
8 751
816 355
772
68 657
301
612 118
473
684 737
799
627
735 227
572 789
712
515
83
547 365
430
395 465
836
559
229
907
73
321 375
749 573
631 256
567
680
259 238
168 763
51 511
607 752
604
906
421
268
767
585 928
790
316
11
28
374
203
619 818
453
519
456
75
189
476 162
857 633
330 793
720 999
849
988 686
45
187
926
743
610
346
778
420
791
921
685 579
641
313
833 117
583 147
49 248
325
523 568
768
358
225
554
98
654
979 995
905
164
486
922
21
648
656
546
886
514
89
294
556
891 96
868 79
851
334
13
890
541
708
267
368 244
976
293
467
901 861
837 345
184
948
490 984
42
388 339
186
739
174
630 525
499
341 55
668 175
513 434
114 151
222
39
625 666
298
723
470 947
938
406
823
159
492 80
676 108
844
925
215 961
527 66
670 88
272
702
181
236 32
440
46 683
255
605
208
497
531
703 795
924
624 344
141
277
412
843
802
779
329
975
538
439
548 773
637 403
933
310 589
602
47 897
142
613
232
560
17
342
482 709
914
636 750
506
106
210
284
269 383
850
892 243
632 945
74
136
611
182 813
408 847
913
682
397
764
584
387
275
810 586
282
646
484 455
565
841 726
701 828
784
62
193
161 390
530
371 958
498 817
733
966
139
824 937
798 985
934 715
278
1
149
539
38
82 801
593
483
983
808 620
803
122
997
235
347
195 95
932 545
218 856
744 471
16
582 363
212
669
972
319
917
283
535 528
441
171 503
311
34
575
956 494
698 443
650
376 40
973 206
154
858 97
438 653
738
994
839
644
549
518 753
261
500
328
725
211
915 940
448
427 252
645
276
730
882 918
724
557
69 599
130 190
134 873
99 635
783 608
442
436
542 475
978
110
960 675
618 941
509
860
303
807
44 800
759 6
336 521
570
48
317
532
7
681 710
296
896
367
508
245
35
874
864
126 102
81
12 853
953 673
553 912
41
224 153
135
327 188
536
597
221 76
280 904
391
281
472
821
458 366
729
962
37 249
787
192
704
305
417 158
718
916 155
713
788 952
299
950
671
265
872 152
320
830
241
112
331 544
308
990 838
357
389
957 128
512 353
19
67 879
919 459
107
411
121
84 558
274
477
70
692
550
125
819
711 598
616
372 172
998
24
899
722
340
176
312
185 911
480
104 285
885 587
889
239
9
561
678
167
980 834
77
569
145
942
852
460
354
178
804
717 466
614
479
774 86
757
766
677
731 695
60
25
776
939
315
762 522
90
111
655
56
785
333
888
140
377
747
782 173
754
900
908
826
396
863
115 131
54 949
574
271 31
580 183
982 603
87
964
447 564
352
505
160 696
50
829
769 415
166
251
845
520
969
485
987
507
832 156
425
428 501
529 337
213
551
409 324
314
332
148
124 487
797 993
780
621
349
880
63
493
23
386 242
642
263 398
634 91
661 903
289 419
393
302
812
202
450
250 697
792
379
3
0 760
360
392 452
64 444
658
382 876
362
740 705
977 927
923
660 571
878
205
822
254
113
127
931
279
165 510
664 61
756
965 338
43
805 796
649
742
431
33
52 534
595 307
71 129
306 659
150 716
775
264 967
877
734
100
292
246 318
59 384
825 385
855
219
736
963
286
297 163
638
199 674
640
951
488
865
380
36 432
228
867
596
663
959
429
369
234 57
416
929 609
103
770 253
191 146
594
840 198
543 643
971
491
588
955
300
394 474
26 58
217
407 138
592
687
27 617
237 105
457
370
478 15
606
986
859
92
954
831
463
423
5
706
295 846
381
930 426
651 996
196
10 577
359 920
109
230
201
809
540
361
462
449 884
258
517 65
231 524
690
533
555
223 700
707
794 866
260
348
974 335
157 343
944
356
815
351
30 94
326
746
169 180
101 835
287
405 226
322 894
4
291 765
2 910
304 266
777
504
410 133
691
870
761
401 699
842
758 968
771
652
745
935
257 144
552 689
214 721
578 402
116 665
323
848
437 418
240
936
78
814 85
741
537 909
516
422 662
639
629
581 991
887
468
216
600 204
732
992
247
989
22
755
714 143
29
200 262
481 93
197
727
623
693
400
827
786
454 270
576
502
871 424
862 496
350 562
672
694
414 461
875
132
902 590
667
881 943
207 566
854
946 622
378
895
72 469
177
446
679
820
719
811
893
981 898
220
179
137 464
209
615 399
170
526
433
120
14
688
626
119 123
404
