750
803
826
588
171 503
950
8 751
333
234 57
680
692
642
774 86
546
425
214 721
219
47 897
379
841 726
275
346
636 750
849
552 689
625 666
811
428 501
54 949
572 789
139
881 943
161 390
332
669
317
49 248
505
962
857 633
762 522
576
27 617
388 339
199 674
297 163
265
267
658
460
488
236 32
974 335
936
287
923
194
982 603
922
22
178
48
29
963
610
854
913
794 866
691
115 131
578 402
376 40
442
126 102
672
174
843
966
874
394 474
182 813
858 97
221 76
585 928
832 156
271 31
439
159
758 968
21
535 528
361
994
538
931
549
833 117
888
790
23
724
223 700
779
878
514
36 432
540
517 65
479
944
16
860
369
3
441
523 568
250 697
450
371 958
837 345
516
209
347
429
771
17
62
570
964
651 996
150 716
60
934 715
72 469
627
9
624 344
830
69 599
276
68 657
141
661 903
354
165 510
664 61
593
360
498 817
212
506
282
531
230
971
334
611
733
580 183
979 995
112
671
767
887
555
761
18 288
71 129
416
539
387
560
312
972
73
370
302
462
756
14
740 705
154
75
311
565
393
638
368 244
43
719
780
145
486
978
820
319
37 249
417 158
400
679
410 133
574
742
730
778
989
28
409 324
717 466
754
228
678
67 879
295 846
341 55
423
323
357
863
529 337
639
470 947
605
186
421
395 465
237 105
259 238
274
554
827
980 834
446
167
690
792
211
839
746
596
556
987
25
797 993
567
626
414 461
618 941
467
551
292
348
191 146
694
350 562
533
184
998
729
597
629
704
437 418
246 318
782 173
775
647
220
298
602
917
232
728
925
769 415
865
33
196
798 985
392 452
456
890
278
822
397
681 710
759 6
81
713
34
816 355
255
378
870
251
435
89
447 564
119 123
280 904
356
241
349
50
268
988 686
170
320
114 151
530
845
747
408 847
840 198
712
326
279
12 853
329
359 920
42
210
518 753
433
939
550
621
819
489
701 828
582 363
401 699
766
824 937
975
457
451
893
957 128
707
951
122
515
70
74
296
458 366
924
808 620
59 384
476 162
197
331 544
906
631 256
484 455
612 118
4
56
569
735 227
938
738
11
814 85
935
764
483
783 608
670 88
284
330 793
313
140
90
901 861
706
919 459
739
741
231 524
655
646
391
225
594
990 838
367
309
351
263 398
872 152
205
784
127
992
731 695
217
932 545
286
41
500
149
880
7
809
831
921
213
125
723
200 262
541
855
411
684 737
218 856
277
177
185 911
805 796
630 525
757
507
532
239
491
389
649
299
623
492 80
946 622
157 343
929 609
98
258
886
900
45
304 266
490 984
896
381
289 419
654
687
607 752
168 763
19
650
293
787
38
676 108
52 534
547 365
595 307
272
749 573
113
308
374
905
770 253
179
315
734
176
634 91
604
509
247
406
445 53
648
63
527 66
513 434
281
208
812
229
245
899
482 709
314
714 143
431
954
776
725
810 586
269 383
871 424
135
224 153
164
142
711 598
953 673
436
693
497
13
116 665
377
473
956 494
559
412
520
493
26 58
430
336 521
864
477
261
907
77
732
744 471
104 285
916 155
181
592
257 144
948
823
868 79
519
504
682
981 898
745
829
260
110
668 175
788 952
882 918
850
976
301
613
51 511
867
852
132
960 675
240
615 399
305
970
807
321 375
997
463
645
619 818
656
799
306 659
777
438 653
698 443
563 601
109
553 912
973 206
327 188
82 801
480
702
581 991
362
207 566
440
254
101 835
755
955
862 496
892 243
189
606
453
291 765
420
959
5
848
358
768
454 270
983
148
160 696
616
380
637 403
195 95
512 353
404
802
10 577
24
35
136
821
772
103
915 940
842
537 909
325
889
352
584
836
481 93
502
215 961
216
703 795
902 590
965 338
722
785
495 883
193
130 190
815
342
926
614
201
942
885 587
202
869
39
508
660 571
708
166
187
372 172
322 894
748
628 290
851
468
283
300
46 683
87
111
99 635
977 927
396
600 204
786
727
405 226
1
134 873
328
478 15
583 147
44 800
222
203
557
233
316
303
859
449 884
84 558
804
930 426
914
192
986
120
908
106
844
895
641
542 475
100
663
575
92
561
677
382 876
543 643
407 138
499
472
422 662
720 999
83
364
264 967
526
548 773
294
891 96
2 910
124 487
640
685 579
825 385
652
933
667
137 464
413 373
644
632 945
806 20
169 180
736
781 273
718
78
791
427 252
64 444
591
121
235
877
743
340
448
0 760
107
310 589
688
536
875
485
969
386 242
30 94
