750
975
766
862 496
823
960 675
498 817
278
165 510
509
549
396
408 847
431
125
114 151
319
785
331 544
283
998
936
971
326
478 15
627
781 273
421
807
130 190
246 318
21
578 402
329
841 726
56
860
896
247
740 705
711 598
275
209
739
554
211
286
352
212
154
942
630 525
310 589
516
964
92
52 534
728
552 689
604
215 961
229
259 238
251
90
875
543 643
714 143
636 750
864
197
989
280 904
704
241
414 461
395 465
495 883
597
523 568
300
72 469
100
871 424
382 876
333
182 813
78
112
423
629
502
690
515
233
915 940
681 710
619 818
200 262
116 665
981 898
614
744 471
254
62
854
36 432
60
922
725
556
868 79
762 522
4
731 695
269 383
676 108
637 403
379
37 249
17
720 999
19
450
74
946 622
978
745
445 53
732
41
646
213
234 57
707
925
845
106
791
488
12 853
121
811
825 385
239
778
618 941
855
783 608
282
81
84 558
786
195 95
260
982 603
691
615 399
231 524
851
734
265
392 452
850
486
47 897
245
427 252
25
350 562
302
582 363
109
809
217
169 180
919 459
430
223 700
754
299
467
708
10 577
389
717 466
107
504
113
264 967
274
328
668 175
742
374
557
38
953 673
555
386 242
536
819
628 290
963
409 324
148
638
512 353
54 949
289 419
110
176
692
756
698 443
222
506
16
214 721
232
473
880
508
387
332
899
799
258
470 947
348
596
485
574
437 418
634 91
388 339
115 131
164
149
824 937
664 61
159
189
669
792
592
877
28
103
320
13
719
570
35
411
900
50
803
257 144
746
891 96
297 163
451
369
520
644
75
656
914
560
652
491
688
314
23
83
938
591
667
546
826
680
827
167
267
69 599
192
435
476 162
462
99 635
34
623
842
334
304 266
499
887
357
410 133
724
595 307
770 253
394 474
448
174
303
519
703 795
393
530
482 709
514
641
723
413 373
22
820
863
625 666
294
749 573
420
584
33
852
808 620
308
844
208
298
542 475
892 243
460
965 338
810 586
567
194
309
539
905
649
119 123
774 86
777
576
551
218 856
831
230
944
442
313
706
268
281
624 344
199 674
771
250 697
372 172
906
575
316
654
832 156
986
361
216
77
957 128
271 31
127
201
168 763
701 828
207 566
548 773
236 32
43
228
526
440
412
802
497
48
677
718
145
988 686
196
559
895
729
532
140
758 968
916 155
974 335
441
24
563 601
429
605
463
784
640
840 198
790
135
381
607 752
833 117
797 993
541
2 910
67 879
439
377
929 609
788 952
305
122
780
804
917
987
161 390
787
157 343
27 617
931
240
889
694
955
730
933
913
370
611
380
621
531
966
351
111
42
457
73
219
449 884
184
401 699
407 138
9
907
132
776
59 384
687
492 80
490 984
600 204
553 912
658
101 835
902 590
885 587
535 528
527 66
583 147
849
843
727
284
848
292
815
349
428 501
82 801
279
468
682
767
458 366
7
137 464
358
479
886
489
317
829
814 85
759 6
979 995
454 270
712
46 683
141
321 375
472
142
660 571
277
359 920
181
606
235
356
874
550
561
191 146
325
39
400
685 579
713
124 487
865
341 55
538
934 715
483
950
962
869
932 545
220
433
702
45
89
890
722
736
456
939
301
225
798 985
1
323
670 88
371 958
867
49 248
170
193
136
70
500
602
481 93
51 511
205
858 97
980 834
425
354
187
312
632 945
593
661 903
768
104 285
893
477
261
859
436
540
397
782 173
969
322 894
87
315
757
743
263 398
446
210
518 753
836
0 760
406
870
30 94
997
639
610
417 158
330 793
453
678
98
655
391
755
693
178
612 118
346
926
812
68 657
160 696
992
416
738
120
648
816 355
14
44 800
404
769 415
935
362
71 129
651 996
3
764
684 737
663
517 65
775
327 188
177
626
972
505
631 256
821
336 521
672
533
581 991
908
480
881 943
493
761
794 866
647
882 918
529 337
378
272
994
679
959
580 183
537 909
650
295 846
572 789
29
276
733
340
293
63
64 444
748
166
878
367
405 226
26 58
973 206
291 765
179
237 105
8 751
990 838
977 927
203
585 928
830
296
806 20
741
185 911
888
5
923
951
342
547 365
126 102
364
507
613
11
839
747
616
360
805 796
671
822
976
438 653
376 40
306 659
422 662
202
837 345
930 426
588
139
347
594
565
857 633
150 716
921
134 873
221 76
171 503
368 244
954
872 152
779
645
901 861
447 564
642
311
956 494
255
484 455
287
983
186
970
18 288
735 227
569
224 153
924
772
948
513 434
