750
69 599
326
164
234 57
785
350 562
639
764
772
542 475
844
979 995
221 76
329
406
89
875
842
362
411
433
351
189
849
240
284
837 345
213
39
962
296
549
790
526
412
671
297 163
720 999
575
538
371 958
602
706
855
583 147
913
824 937
899
983
11
572 789
132
360
746
731 695
84 558
670 88
135
610
502
60
372 172
181
41
852
862 496
539
352
404
294
98
255
166
379
634 91
211
315
228
986
246 318
203
732
306 659
271 31
779
291 765
157 343
926
300
314
559
931
27 617
615 399
107
630 525
187
295 846
72 469
195 95
317
308
376 40
457
782 173
130 190
878
708
269 383
584
82 801
592
574
436
334
21
823
529 337
186
672
340
987
177
863
327 188
450
280 904
944
14
136
822
868 79
75
9
359 920
794 866
330 793
948
214 721
585 928
780
669
874
613
977 927
212
975
808 620
648
989
478 15
799
232
786
885 587
755
551
237 105
555
908
336 521
311
888
924
393
805 796
738
702
210
321 375
407 138
264 967
523 568
727
229
694
814 85
810 586
729
391
361
645
758 968
486
532
12 853
425
704
303
205
110
728
623
194
640
872 152
821
74
512 353
251
819
942
451
582 363
429
767
664 61
341 55
386 242
370
687
24
815
969
488
994
34
392 452
988 686
788 952
222
468
744 471
483
456
541
44 800
4
122
410 133
408 847
787
170
47 897
29
533
660 571
736
915 940
121
527 66
313
950
49 248
220
120
858 97
185 911
449 884
703 795
693
347
641
743
171 503
493
472
90
893
953 673
831
933
877
441
531
756
591
890
537 909
287
712
275
530
302
518 753
520
964
711 598
354
946 622
938
99 635
896
83
480
498 817
718
625 666
199 674
887
771
713
901 861
965 338
981 898
638
839
19
882 918
580 183
748
73
430
245
193
267
619 818
980 834
668 175
316
535 528
684 737
233
676 108
2 910
536
978
259 238
781 273
174
500
265
367
850
921
848
588
519
667
792
679
215 961
109
976
279
930 426
230
514
916 155
453
740 705
742
754
298
261
770 253
396
567
448
698 443
462
966
477
141
741
428 501
832 156
905
777
126 102
292
331 544
427 252
37 249
546
16
870
440
556
783 608
917
688
160 696
223 700
268
13
446
820
176
304 266
735 227
550
7
650
64 444
865
33
439
516
374
8 751
258
479
299
368 244
707
826
611
678
775
646
54 949
101 835
481 93
692
860
200 262
543 643
70
762 522
778
169 180
201
840 198
959
637 403
414 461
593
276
286
106
423
356
605
806 20
825 385
191 146
553 912
632 945
323
293
816 355
168 763
935
925
332
467
309
139
278
919 459
506
906
869
484 455
409 324
761
998
972
939
552 689
358
923
624 344
161 390
892 243
445 53
224 153
3
301
150 716
629
745
281
0 760
507
119 123
113
891 96
272
791
827
431
115 131
973 206
196
35
499
880
636 750
63
52 534
982 603
184
142
447 564
320
594
714 143
497
209
328
557
843
417 158
691
111
600 204
438 653
100
421
561
405 226
655
776
235
628 290
618 941
145
463
604
495 883
312
809
932 545
685 579
159
489
517 65
569
22
851
724
241
867
803
42
936
663
508
719
250 697
485
864
960 675
570
654
658
207 566
717 466
50
342
730
67 879
859
349
346
260
460
378
841 726
614
369
627
38
395 465
364
322 894
616
112
701 828
955
774 86
140
179
677
811
833 117
458 366
513 434
900
1
68 657
907
225
394 474
416
830
747
442
380
563 601
154
757
5
922
389
482 709
56
768
178
36 432
357
348
28
829
114 151
621
26 58
165 510
217
560
581 991
71 129
43
565
310 589
413 373
631 256
554
435
81
951
231 524
400
257 144
682
17
802
540
954
626
420
92
857 633
661 903
680
902 590
325
134 873
149
889
956 494
282
30 94
990 838
974 335
125
387
651 996
722
607 752
23
473
208
277
137 464
576
997
192
254
289 419
491
970
197
454 270
509
274
216
401 699
807
681 710
319
305
202
690
881 943
836
644
871 424
116 665
10 577
929 609
934 715
957 128
845
596
734
422 662
886
470 947
236 32
739
725
127
505
642
25
992
784
766
87
397
388 339
476 162
963
167
597
283
381
749 573
104 285
578 402
649
798 985
797 993
595 307
77
548 773
812
804
333
733
914
48
18 288
78
723
377
247
46 683
62
652
182 813
59 384
148
759 6
492 80
612 118
854
490 984
263 398
656
239
769 415
606
504
647
124 487
895
437 418
45
515
51 511
547 365
382 876
218 856
219
971
103
