750
142
277
433
207 566
239
246 318
43
832 156
196
145
372 172
216
451
994
64 444
915 940
840 198
352
951
107
264 967
889
535 528
857 633
663
407 138
542 475
314
640
29
671
863
405 226
533
938
743
214 721
263 398
901 861
347
179
370
711 598
9
791
648
735 227
191 146
225
431
10 577
37 249
642
565
362
135
701 828
758 968
312
707
315
348
717 466
467
515
655
302
386 242
174
784
607 752
854
790
725
698 443
192
527 66
872 152
541
868 79
283
702
694
779
745
232
959
24
775
500
820
661 903
677
881 943
463
844
393
410 133
723
306 659
794 866
48
759 6
261
905
899
341 55
712
921
902 590
236 32
572 789
540
148
946 622
458 366
435
965 338
294
691
5
859
293
520
300
687
18 288
219
610
308
140
421
987
316
729
964
46 683
310 589
766
59 384
126 102
812
764
164
769 415
326
27 617
977 927
588
713
833 117
237 105
538
880
336 521
69 599
978
575
17
349
672
67 879
115 131
388 339
748
986
614
975
592
33
149
240
627
449 884
667
150 716
482 709
320
223 700
891 96
895
498 817
51 511
536
746
722
470 947
798 985
626
831
141
2 910
650
401 699
792
554
425
982 603
612 118
969
70
160 696
447 564
616
287
634 91
869
486
357
953 673
803
420
864
279
870
593
23
679
778
74
19
504
595 307
205
215 961
931
719
519
377
250 697
636 750
211
354
193
78
613
555
742
231 524
744 471
274
445 53
825 385
684 737
87
278
874
664 61
436
380
756
827
546
651 996
600 204
367
900
771
578 402
768
323
720 999
822
454 270
331 544
741
382 876
882 918
956 494
681 710
906
731 695
955
423
597
551
850
41
84 558
513 434
777
111
276
708
770 253
52 534
821
685 579
483
54 949
92
7
228
936
605
453
122
652
523 568
325
992
291 765
439
257 144
83
950
169 180
396
512 353
38
317
944
189
427 252
495 883
265
358
462
303
159
422 662
134 873
560
409 324
305
606
157 343
887
639
378
428 501
649
73
740 705
369
235
637 403
165 510
516
457
755
502
350 562
806 20
387
359 920
258
979 995
924
815
823
814 85
802
954
284
166
550
45
810 586
194
878
646
644
356
669
446
888
507
547 365
472
497
269 383
254
942
99 635
998
334
245
171 503
574
580 183
11
292
631 256
584
865
776
602
296
8 751
543 643
676 108
693
506
342
970
569
757
139
374
476 162
548 773
514
531
340
925
862 496
867
268
929 609
430
935
625 666
556
761
576
438 653
563 601
960 675
30 94
529 337
638
60
379
890
781 273
611
477
14
809
962
706
154
668 175
297 163
404
963
309
346
567
505
490 984
299
826
570
914
230
56
747
272
559
842
28
561
319
774 86
119 123
89
81
583 147
224 153
448
68 657
47 897
63
113
736
582 363
311
77
843
1
186
397
786
260
754
42
406
885 587
805 796
615 399
168 763
492 80
630 525
12 853
275
728
836
485
21
591
619 818
552 689
618 941
871 424
280 904
804
72 469
594
647
364
114 151
922
137 464
416
724
767
71 129
247
202
852
282
948
39
210
4
36 432
974 335
923
811
103
110
645
233
170
321 375
508
837 345
481 93
537 909
124 487
939
858 97
682
981 898
368 244
808 620
799
333
780
104 285
972
499
360
440
167
913
411
391
468
304 266
34
877
816 355
50
908
517 65
480
112
783 608
621
491
259 238
109
478 15
860
13
381
824 937
301
371 958
532
727
251
988 686
255
851
442
82 801
530
184
195 95
25
35
926
26 58
389
830
848
526
549
807
917
966
892 243
62
976
932 545
734
656
829
329
641
875
322 894
218 856
557
229
132
327 188
690
473
518 753
116 665
125
441
49 248
412
121
624 344
201
930 426
212
313
182 813
785
221 76
990 838
199 674
980 834
732
989
718
187
16
670 88
414 461
839
489
907
738
395 465
289 419
623
408 847
509
203
417 158
330 793
971
782 173
400
714 143
413 373
596
234 57
98
916 155
328
845
539
797 993
200 262
106
161 390
678
44 800
849
919 459
217
553 912
654
730
429
0 760
120
973 206
361
136
267
658
208
896
629
604
632 945
703 795
222
893
788 952
271 31
181
22
298
295 846
75
733
392 452
493
213
3
628 290
488
749 573
739
772
680
841 726
100
197
585 928
90
762 522
450
886
176
209
394 474
997
456
704
460
177
660 571
581 991
934 715
983
220
688
819
437 418
933
692
101 835
185 911
178
855
281
787
241
127
376 40
130 190
479
351
332
957 128
484 455
286
