750
22
179
321 375
986
272
72 469
205
990 838
265
477
21
476 162
799
563 601
306 659
982 603
582 363
506
82 801
447 564
289 419
392 452
848
24
236 32
68 657
218 856
56
36 432
806 20
540
936
463
182 813
930 426
132
504
231 524
492 80
110
788 952
588
596
850
743
113
546
210
892 243
63
27 617
768
780
652
775
530
784
797 993
714 143
671
731 695
368 244
736
742
730
832 156
713
631 256
542 475
500
517 65
814 85
107
612 118
356
169 180
687
135
336 521
994
70
824 937
693
630 525
87
733
189
771
547 365
874
482 709
312
423
523 568
970
157 343
51 511
854
71 129
386 242
881 943
650
111
748
556
130 190
677
668 175
680
809
560
264 967
42
901 861
502
776
348
104 285
100
257 144
878
741
224 153
431
819
681 710
328
73
843
899
229
23
554
764
812
614
181
313
867
137 464
529 337
621
913
863
870
627
548 773
98
413 373
495 883
298
718
889
488
645
160 696
427 252
46 683
593
451
430
274
871 424
935
567
38
574
299
692
29
400
333
629
624 344
359 920
857 633
550
202
361
282
457
618 941
438 653
83
960 675
429
0 760
358
217
440
962
437 418
724
81
261
341 55
326
684 737
908
858 97
268
75
663
195 95
747
428 501
924
840 198
634 91
845
134 873
149
408 847
486
535 528
397
247
807
827
570
449 884
656
925
842
19
575
770 253
727
628 290
446
490 984
378
891 96
896
232
7
702
103
176
664 61
569
559
203
209
101 835
165 510
99 635
302
114 151
895
406
44 800
811
882 918
989
351
820
47 897
230
120
625 666
5
641
585 928
382 876
950
325
954
303
869
849
816 355
735 227
679
759 6
758 968
707
531
885 587
119 123
981 898
738
62
43
246 318
761
905
868 79
462
997
732
914
170
421
887
458 366
526
276
691
865
394 474
33
14
864
749 573
830
616
414 461
944
251
171 503
578 402
549
314
320
393
678
332
109
126 102
651 996
150 716
124 487
963
221 76
841 726
777
916 155
637 403
711 598
484 455
77
9
685 579
191 146
623
815
833 117
468
234 57
485
708
13
966
774 86
161 390
831
955
543 643
539
919 459
553 912
964
973 206
890
283
404
722
581 991
974 335
411
921
518 753
405 226
604
54 949
279
315
791
782 173
576
619 818
852
703 795
225
591
89
52 534
483
280 904
407 138
296
698 443
478 15
241
772
369
837 345
164
787
844
228
839
28
745
595 307
214 721
825 385
425
18 288
676 108
744 471
690
115 131
781 273
826
453
380
778
499
112
141
433
610
509
639
196
39
527 66
122
860
323
389
557
933
979 995
640
370
792
184
794 866
192
12 853
442
682
187
364
417 158
600 204
965 338
64 444
294
412
561
460
580 183
712
672
277
975
395 465
648
145
514
309
647
667
915 940
959
851
862 496
888
508
388 339
515
987
260
956 494
922
316
329
802
470 947
69 599
194
346
4
11
308
317
719
725
805 796
923
972
552 689
49 248
331 544
769 415
271 31
655
739
754
823
219
906
422 662
507
480
84 558
106
592
969
1
416
240
349
220
929 609
340
654
201
197
644
594
199 674
706
67 879
35
931
396
532
980 834
798 985
584
60
267
757
350 562
934 715
978
223 700
489
116 665
17
372 172
377
245
362
516
304 266
497
45
472
287
456
381
615 399
34
193
877
239
330 793
855
222
803
723
410 133
322 894
208
371 958
25
259 238
90
367
512 353
357
297 163
379
213
450
37 249
300
185 911
720 999
900
159
977 927
626
148
859
533
136
907
347
409 324
445 53
646
572 789
269 383
728
536
519
829
992
957 128
946 622
704
310 589
305
493
334
286
875
606
74
235
948
740 705
301
804
821
263 398
16
186
295 846
649
783 608
636 750
779
785
167
491
254
555
602
250 697
729
454 270
50
311
661 903
255
8 751
976
597
212
902 590
26 58
3
439
756
971
387
537 909
694
670 88
319
669
374
200 262
880
701 828
822
207 566
215 961
278
583 147
420
734
939
505
872 152
78
448
127
638
275
479
917
893
142
140
953 673
998
92
808 620
41
342
352
473
836
211
284
436
786
983
125
642
605
762 522
467
810 586
354
401 699
938
520
767
2 910
541
327 188
926
441
281
258
177
139
988 686
513 434
790
48
168 763
435
376 40
59 384
121
291 765
565
498 817
10 577
178
216
951
551
886
746
766
613
932 545
154
538
391
233
688
755
292
30 94
237 105
611
166
658
360
632 945
717 466
481 93
293
174
607 752
942
660 571
