750
605
806 20
303
139
49 248
956 494
367
423
177
787
792
90
810 586
167
745
559
902 590
862 496
755
833 117
719
519
669
971
895
543 643
692
859
646
150 716
34
292
342
46 683
176
170
878
490 984
592
583 147
863
293
541
488
772
681 710
463
269 383
578 402
691
377
492 80
350 562
530
908
237 105
480
47 897
542 475
92
776
808 620
261
613
774 86
632 945
929 609
814 85
845
279
447 564
798 985
280 904
295 846
254
192
631 256
794 866
205
781 273
621
200 262
584
220
778
306 659
451
914
287
165 510
690
81
379
604
277
483
28
229
393
625 666
556
712
836
250 697
997
260
865
871 424
216
148
963
998
157 343
505
77
213
837 345
803
409 324
664 61
827
588
391
640
259 238
515
38
472
435
832 156
489
498 817
389
771
427 252
71 129
538
950
145
214 721
401 699
486
39
109
376 40
400
882 918
688
332
770 253
815
298
570
842
978
305
892 243
211
595 307
382 876
284
233
84 558
539
637 403
611
294
775
422 662
561
473
994
626
628 290
267
893
979 995
889
218 856
852
804
939
830
223 700
263 398
618 941
919 459
246 318
429
703 795
240
37 249
757
668 175
224 153
44 800
50
360
82 801
378
811
868 79
913
706
648
241
439
103
274
356
24
727
51 511
517 65
756
629
809
416
670 88
428 501
69 599
725
934 715
351
740 705
887
529 337
575
954
647
890
414 461
74
110
680
645
3
89
1
412
445 53
164
748
535 528
829
485
364
580 183
315
317
930 426
25
988 686
231 524
735 227
926
323
189
627
41
21
702
507
761
208
977 927
410 133
5
960 675
59 384
526
523 568
166
504
805 796
901 861
35
843
174
201
126 102
341 55
931
330 793
78
783 608
100
972
446
326
320
154
641
340
962
101 835
309
2 910
107
502
933
62
179
441
45
513 434
764
777
7
495 883
812
417 158
667
974 335
550
823
328
948
283
651 996
944
790
607 752
67 879
724
52 534
64 444
114 151
314
676 108
718
684 737
72 469
537 909
614
22
347
304 266
232
661 903
397
479
942
744 471
468
10 577
0 760
222
551
736
938
63
491
135
769 415
711 598
644
992
322 894
602
780
122
532
533
915 940
425
234 57
457
235
75
311
160 696
450
14
923
747
698 443
217
649
8 751
959
169 180
239
268
880
497
600 204
348
149
946 622
839
478 15
99 635
282
349
762 522
436
26 58
352
639
581 991
728
68 657
672
932 545
73
733
137 464
854
986
682
965 338
275
713
917
791
404
707
872 152
27 617
286
612 118
822
867
327 188
299
380
300
11
563 601
606
743
520
518 753
983
203
881 943
23
655
362
976
855
48
900
610
467
132
199 674
869
891 96
178
619 818
449 884
807
824 937
500
462
924
593
786
671
826
17
333
396
758 968
358
560
258
476 162
663
421
87
354
264 967
420
975
245
569
113
437 418
388 339
372 172
567
642
508
251
481 93
112
916 155
291 765
374
679
43
987
387
130 190
964
591
802
361
193
759 6
656
394 474
392 452
990 838
30 94
768
202
982 603
547 365
742
615 399
407 138
405 226
970
630 525
687
701 828
19
54 949
549
936
616
36 432
334
209
841 726
115 131
104 285
195 95
325
431
831
858 97
142
594
225
336 521
210
281
98
369
411
141
546
386 242
371 958
708
219
185 911
896
623
359 920
848
922
484 455
754
272
557
749 573
885 587
159
136
585 928
729
850
187
70
877
321 375
654
9
413 373
168 763
56
458 366
576
346
849
555
767
634 91
12 853
265
477
660 571
957 128
215 961
860
582 363
596
370
512 353
738
723
797 993
124 487
121
652
844
816 355
111
825 385
301
677
980 834
785
440
650
717 466
308
460
182 813
799
16
906
230
406
310 589
851
448
247
236 32
981 898
184
276
228
116 665
658
395 465
720 999
442
456
638
60
186
119 123
516
779
42
18 288
907
381
29
408 847
732
840 198
536
784
540
574
257 144
125
704
572 789
531
693
955
4
161 390
925
302
134 873
296
905
554
482 709
297 163
886
553 912
935
33
820
746
870
329
171 503
438 653
921
181
514
453
766
106
741
221 76
888
13
821
734
973 206
499
470 947
509
319
312
875
194
548 773
207 566
83
527 66
127
289 419
493
506
953 673
212
454 270
722
819
731 695
278
966
782 173
313
636 750
739
730
197
316
788 952
552 689
331 544
433
357
191 146
430
969
196
368 244
714 143
597
864
565
120
989
951
678
857 633
255
271 31
624 344
874
140
694
685 579
899
