750
421
322 894
358
972
540
72 469
39
120
64 444
126 102
157 343
135
955
507
781 273
536
583 147
323
329
115 131
209
597
704
41
169 180
908
296
988 686
560
998
201
149
445 53
567
650
9
926
372 172
28
456
448
636 750
917
281
754
707
871 424
330 793
641
862 496
901 861
211
5
561
107
610
658
349
722
698 443
849
412
565
389
362
316
661 903
298
811
979 995
92
141
315
530
369
994
392 452
655
874
542 475
881 943
755
829
830
607 752
313
241
265
276
638
656
860
935
25
626
437 418
168 763
812
730
969
806 20
125
52 534
89
543 643
819
488
331 544
16
948
463
317
827
670 88
718
885 587
18 288
26 58
103
187
880
832 156
477
807
532
283
165 510
408 847
154
634 91
578 402
192
498 817
680
62
245
556
889
348
576
931
481 93
60
59 384
555
269 383
342
639
178
442
361
915 940
791
684 737
714 143
46 683
724
677
784
557
229
758 968
624 344
741
605
825 385
240
484 455
712
430
407 138
368 244
68 657
602
239
572 789
292
975
436
790
664 61
594
582 363
334
864
236 32
822
648
893
735 227
81
78
352
33
225
785
595 307
214 721
278
367
271 31
682
205
805 796
400
512 353
457
569
360
651 996
613
761
612 118
508
886
902 590
733
411
0 760
71 129
219
517 65
814 85
895
258
671
215 961
756
810 586
748
45
427 252
449 884
23
410 133
694
359 920
681 710
376 40
171 503
645
887
580 183
936
379
446
619 818
693
966
479
104 285
73
150 716
416
90
526
779
438 653
906
690
728
312
347
905
300
351
747
260
279
293
221 76
247
74
380
535 528
826
428 501
899
611
409 324
291 765
628 290
725
210
896
803
468
142
539
878
127
637 403
251
788 952
919 459
768
932 545
654
294
341 55
623
868 79
275
386 242
956 494
963
921
734
185 911
951
413 373
514
381
771
848
850
50
546
220
983
439
914
378
12 853
450
7
974 335
223 700
121
855
513 434
867
593
515
916 155
100
132
816 355
727
228
516
531
548 773
980 834
809
325
854
47 897
858 97
934 715
720 999
21
302
10 577
145
2 910
703 795
122
483
404
841 726
13
519
604
742
701 828
495 883
167
137 464
632 945
942
836
194
110
309
305
977 927
320
287
938
106
454 270
134 873
38
757
470 947
314
492 80
581 991
282
303
506
509
824 937
533
289 419
37 249
447 564
84 558
264 967
618 941
354
435
957 128
485
63
263 398
19
799
997
939
48
738
284
4
113
865
962
308
99 635
672
851
815
493
124 487
729
744 471
505
224 153
27 617
970
606
140
299
14
989
839
364
116 665
852
625 666
831
208
340
1
802
237 105
393
746
668 175
990 838
627
486
396
44 800
833 117
42
794 866
529 337
642
476 162
54 949
231 524
280 904
191 146
51 511
101 835
159
176
527 66
804
743
706
164
907
575
549
333
616
780
930 426
774 86
538
736
200 262
87
217
766
499
75
745
923
441
863
387
490 984
36 432
196
739
119 123
30 94
797 993
944
458 366
859
877
520
148
502
971
489
504
976
478 15
777
195 95
230
431
130 190
182 813
274
588
646
553 912
922
267
762 522
429
669
77
332
327 188
783 608
24
872 152
321 375
667
491
782 173
584
346
950
170
591
647
235
451
136
181
767
433
112
22
216
933
139
787
500
541
277
551
570
792
70
992
257 144
319
770 253
925
692
892 243
350 562
924
233
518 753
663
56
29
890
798 985
882 918
193
67 879
775
621
43
749 573
397
310 589
425
759 6
875
574
547 365
371 958
600 204
186
959
69 599
685 579
585 928
869
820
17
946 622
711 598
199 674
295 846
964
462
473
842
723
678
687
259 238
82 801
823
913
649
614
401 699
953 673
596
222
708
954
297 163
174
161 390
272
644
394 474
740 705
960 675
203
769 415
870
772
453
821
3
160 696
467
808 620
202
218 856
731 695
554
552 689
786
286
537 909
965 338
184
11
891 96
691
246 318
843
563 601
49 248
382 876
900
8 751
391
304 266
981 898
837 345
629
370
592
845
254
83
98
679
482 709
420
688
179
111
497
268
114 151
357
405 226
676 108
480
615 399
713
652
255
374
388 339
250 697
234 57
857 633
717 466
301
776
326
212
472
414 461
328
640
35
844
778
311
559
423
306 659
973 206
987
840 198
417 158
764
978
166
982 603
406
377
732
523 568
213
336 521
34
440
109
986
630 525
197
550
460
422 662
189
232
261
888
177
702
356
660 571
395 465
207 566
929 609
631 256
719
