750
169 180
592
340
148
194
63
874
839
755
467
81
745
634 91
352
888
833 117
141
456
291 765
708
330 793
283
767
974 335
707
119 123
842
962
900
992
154
844
281
732
410 133
409 324
730
479
137 464
212
232
416
851
798 985
627
401 699
539
965 338
89
723
332
287
858 97
314
208
165 510
41
195 95
393
261
502
694
740 705
891 96
369
359 920
116 665
509
848
45
667
761
100
908
727
17
906
827
664 61
877
836
972
113
293
205
277
303
825 385
67 879
654
519
260
637 403
451
717 466
718
533
2 910
569
978
823
982 603
28
736
957 128
310 589
0 760
13
738
427 252
127
646
787
90
520
771
970
439
233
187
433
926
25
114 151
803
837 345
414 461
200 262
668 175
367
701 828
442
284
556
766
619 818
305
595 307
722
276
111
963
902 590
754
223 700
247
362
692
788 952
922
241
596
885 587
209
364
929 609
157 343
628 290
824 937
396
171 503
215 961
491
440
7
518 753
493
785
516
239
417 158
938
436
735 227
500
292
514
819
593
282
47 897
72 469
647
104 285
550
988 686
605
600 204
547 365
378
387
679
914
613
994
989
747
289 419
905
899
498 817
331 544
107
575
546
429
786
174
979 995
448
203
948
164
3
350 562
29
980 834
492 80
973 206
176
680
930 426
221 76
380
934 715
881 943
915 940
781 273
361
886
370
780
411
139
917
35
542 475
313
4
272
142
382 876
234 57
540
642
295 846
541
70
371 958
809
919 459
895
231 524
733
826
549
351
875
626
422 662
150 716
51 511
101 835
670 88
570
986
658
372 172
360
517 65
997
651 996
391
734
913
532
621
495 883
315
64 444
21
676 108
946 622
5
473
964
18 288
135
342
907
645
301
299
358
536
869
529 337
184
924
278
82 801
769 415
797 993
98
862 496
251
457
430
109
749 573
400
62
975
449 884
376 40
294
956 494
329
186
560
255
505
30 94
213
19
578 402
731 695
681 710
325
210
454 270
27 617
421
889
240
860
34
379
178
530
267
235
950
179
720 999
425
274
602
413 373
132
485
588
712
631 256
523 568
280 904
939
772
791
103
112
691
167
24
168 763
741
126 102
567
870
936
445 53
638
531
124 487
222
74
977 927
725
916 155
729
859
711 598
450
121
652
159
896
901 861
250 697
555
71 129
447 564
78
437 418
381
610
868 79
392 452
328
872 152
196
990 838
44 800
682
693
574
357
698 443
776
649
584
706
865
46 683
746
636 750
246 318
814 85
942
346
106
703 795
216
808 620
739
120
245
867
612 118
830
211
484 455
472
170
23
561
407 138
394 474
583 147
669
506
228
202
441
678
759 6
527 66
832 156
217
616
728
56
955
538
1
557
507
60
435
935
713
526
460
820
10 577
565
185 911
22
134 873
349
714 143
971
269 383
615 399
804
591
224 153
871 424
585 928
770 253
932 545
535 528
316
181
890
775
748
580 183
306 659
794 866
960 675
77
482 709
115 131
130 190
92
843
849
779
263 398
483
655
618 941
99 635
145
322 894
254
816 355
663
110
537 909
302
182 813
931
264 967
719
50
166
463
850
854
237 105
604
304 266
790
59 384
192
983
481 93
220
921
880
214 721
259 238
258
327 188
271 31
374
576
73
887
969
807
309
625 666
742
656
225
777
470 947
822
160 696
87
458 366
640
317
756
486
987
998
300
764
298
468
629
321 375
806 20
831
841 726
389
513 434
404
347
671
864
840 198
499
976
49 248
68 657
354
815
623
386 242
744 471
39
677
660 571
852
951
582 363
33
377
515
966
768
488
632 945
614
607 752
606
189
724
296
420
829
219
230
743
805 796
685 579
38
476 162
782 173
197
799
478 15
563 601
774 86
140
16
641
690
453
12 853
611
802
490 984
762 522
954
559
69 599
702
177
778
933
368 244
37 249
319
193
581 991
423
395 465
512 353
855
812
83
406
462
757
297 163
9
981 898
388 339
48
882 918
308
275
548 773
687
54 949
43
279
811
672
554
624 344
26 58
438 653
191 146
257 144
348
122
572 789
688
333
953 673
552 689
959
229
428 501
489
944
446
477
597
412
236 32
320
783 608
199 674
892 243
14
504
893
857 633
792
784
356
661 903
704
497
551
136
8 751
923
265
312
684 737
878
630 525
42
323
36 432
336 521
341 55
553 912
84 558
397
821
863
543 643
207 566
149
925
405 226
11
161 390
810 586
594
52 534
286
639
644
268
758 968
334
218 856
311
75
650
480
431
326
845
408 847
648
201
125
508
