750
841 726
567
5
401 699
618 941
139
404
554
604
549
74
255
374
100
193
572 789
771
436
811
468
840 198
261
926
446
714 143
437 418
376 40
792
142
209
556
412
306 659
341 55
428 501
632 945
891 96
72 469
194
734
844
749 573
925
667
886
514
868 79
411
497
276
157 343
218 856
49 248
780
51 511
429
855
4
682
41
372 172
803
484 455
979 995
448
165 510
137 464
10 577
963
627
381
295 846
764
483
523 568
314
641
246 318
281
217
998
54 949
797 993
775
962
987
83
67 879
99 635
171 503
942
790
831
400
878
328
836
360
68 657
397
214 721
37 249
159
812
304 266
435
582 363
933
275
693
684 737
798 985
822
738
742
62
87
624 344
537 909
27 617
655
540
36 432
746
857 633
992
379
815
877
311
923
951
170
71 129
954
551
460
919 459
669
502
807
723
956 494
104 285
779
538
298
271 31
660 571
833 117
70
778
823
184
228
454 270
472
914
148
748
416
150 716
348
215 961
759 6
46 683
711 598
915 940
421
493
98
580 183
302
553 912
975
676 108
125
16
106
671
473
638
488
593
124 487
808 620
279
754
570
250 697
445 53
357
132
678
944
702
784
990 838
78
225
84 558
594
864
542 475
565
902 590
11
936
251
621
691
438 653
478 15
111
708
164
893
326
994
725
486
520
630 525
43
293
35
320
829
498 817
82 801
781 273
333
422 662
730
832 156
611
966
26 58
127
414 461
934 715
506
241
785
939
56
938
289 419
145
986
668 175
745
906
794 866
110
234 57
547 365
614
369
202
268
743
482 709
917
23
114 151
358
654
296
607 752
490 984
364
18 288
872 152
413 373
200 262
814 85
13
810 586
480
889
336 521
208
334
283
182 813
323
733
574
585 928
346
119 123
774 86
631 256
120
245
264 967
284
388 339
526
602
286
73
970
149
45
563 601
500
976
606
871 424
112
297 163
274
393
517 65
449 884
389
12 853
692
858 97
378
14
529 337
652
980 834
63
126 102
957 128
301
9
806 20
259 238
356
899
756
971
777
277
349
489
50
90
974 335
69 599
875
121
644
972
350 562
531
351
60
134 873
140
578 402
8 751
395 465
888
479
865
38
761
191 146
269 383
874
450
2 910
481 93
116 665
34
75
842
960 675
921
229
201
258
827
77
492 80
664 61
880
21
973 206
758 968
44 800
637 403
103
305
712
541
409 324
809
463
605
394 474
546
969
329
441
280 904
81
231 524
694
456
380
433
154
453
292
647
359 920
687
770 253
122
820
442
370
294
141
174
559
235
881 943
557
543 643
816 355
561
361
233
619 818
491
299
719
325
278
799
843
210
362
581 991
303
860
368 244
623
22
560
731 695
42
507
718
101 835
616
223 700
199 674
766
166
720 999
332
423
33
532
391
107
805 796
425
265
313
367
639
205
830
396
254
703 795
29
852
656
59 384
863
371 958
387
862 496
216
535 528
597
907
895
239
988 686
189
930 426
219
736
690
729
267
640
406
850
312
516
515
896
610
981 898
195 95
848
959
626
634 91
512 353
470 947
870
744 471
196
352
130 190
263 398
645
552 689
786
672
508
530
220
113
354
948
458 366
272
713
946 622
207 566
192
417 158
347
310 589
885 587
169 180
576
477
52 534
727
331 544
584
308
704
518 753
212
688
964
648
592
600 204
636 750
287
890
908
629
1
499
504
677
407 138
495 883
887
109
485
439
89
519
187
342
550
457
905
427 252
732
950
839
509
476 162
978
739
440
628 290
410 133
282
955
447 564
929 609
642
768
3
221 76
236 32
741
983
935
650
931
924
548 773
203
185 911
762 522
595 307
755
136
663
467
7
322 894
431
39
0 760
707
257 144
782 173
25
646
319
309
408 847
340
30 94
698 443
717 466
679
536
177
680
825 385
167
989
787
392 452
892 243
230
953 673
772
661 903
237 105
24
539
115 131
48
767
64 444
588
176
802
613
845
651 996
901 861
224 153
181
849
869
681 710
783 608
513 434
615 399
788 952
859
135
804
321 375
569
92
851
757
670 88
997
882 918
377
316
776
451
612 118
527 66
300
420
625 666
213
533
386 242
315
168 763
382 876
791
824 937
222
922
28
575
965 338
900
505
462
430
596
728
658
47 897
740 705
197
160 696
932 545
240
837 345
769 415
555
247
649
17
19
854
685 579
232
211
821
405 226
747
701 828
722
916 155
977 927
178
724
186
982 603
913
260
826
583 147
867
327 188
179
706
330 793
161 390
591
291 765
735 227
317
819
