750
176
679
841 726
972
308
533
631 256
638
136
498 817
956 494
75
550
569
36 432
502
269 383
701 828
210
691
931
29
955
808 620
486
739
445 53
476 162
63
103
2 910
236 32
670 88
992
756
908
712
871 424
295 846
506
489
523 568
358
623
170
820
942
56
457
730
517 65
585 928
59 384
275
113
574
371 958
516
938
435
149
377
167
946 622
84 558
624 344
724
186
54 949
552 689
279
51 511
733
778
174
230
831
787
766
389
406
681 710
748
827
798 985
454 270
807
711 598
556
811
483
83
810 586
302
948
848
862 496
332
708
379
387
855
887
658
916 155
352
98
448
116 665
359 920
141
109
565
320
719
380
749 573
215 961
594
612 118
346
802
720 999
630 525
606
731 695
893
137 464
331 544
410 133
404
322 894
759 6
260
74
130 190
650
333
292
718
687
160 696
600 204
33
182 813
537 909
809
602
233
804
547 365
41
449 884
447 564
357
570
572 789
767
201
241
840 198
222
370
851
634 91
604
46 683
959
580 183
25
112
611
989
411
546
826
148
821
722
499
981 898
92
822
754
980 834
427 252
323
289 419
278
354
979 995
237 105
350 562
484 455
202
216
677
960 675
857 633
563 601
287
663
869
652
213
791
194
743
299
24
497
439
168 763
220
896
842
114 151
417 158
531
178
184
734
505
200 262
823
277
915 940
17
535 528
794 866
576
703 795
520
888
436
642
460
362
648
265
554
341 55
775
191 146
296
407 138
231 524
825 385
351
944
513 434
812
122
311
189
934 715
925
309
218 856
356
519
211
880
762 522
872 152
185 911
423
329
644
757
924
90
619 818
551
529 337
864
874
264 967
526
43
860
81
11
651 996
645
923
126 102
306 659
540
973 206
790
450
400
561
60
4
629
111
214 721
89
192
110
877
127
304 266
745
582 363
667
692
543 643
649
207 566
221 76
125
605
976
22
596
478 15
504
732
549
217
532
169 180
895
639
71 129
542 475
44 800
727
73
843
966
518 753
746
772
839
792
953 673
530
251
348
628 290
458 366
181
477
994
319
232
548 773
282
472
208
641
632 945
885 587
442
803
671
416
917
431
786
224 153
902 590
615 399
124 487
833 117
557
954
451
209
969
468
312
935
616
736
164
305
656
139
254
892 243
669
297 163
890
905
688
593
412
197
268
42
647
396
429
77
591
771
45
964
661 903
832 156
702
610
974 335
18 288
539
82 801
281
119 123
493
618 941
758 968
957 128
39
3
509
367
298
970
482 709
422 662
784
735 227
21
69 599
5
595 307
223 700
261
830
816 355
950
863
360
212
660 571
488
283
852
68 657
933
613
142
680
235
906
815
62
286
115 131
37 249
120
441
413 373
274
134 873
886
806 20
668 175
171 503
723
982 603
936
987
107
761
372 172
145
19
626
293
926
280 904
640
990 838
555
584
391
581 991
453
875
779
263 398
777
374
361
799
257 144
780
978
199 674
336 521
187
859
456
783 608
327 188
64 444
694
157 343
983
300
768
239
315
932 545
781 273
907
797 993
747
854
621
473
250 697
381
271 31
386 242
203
27 617
433
166
627
837 345
219
9
682
977 927
567
177
508
100
12 853
28
951
515
368 244
421
246 318
805 796
868 79
770 253
500
267
462
664 61
844
291 765
165 510
364
313
997
135
394 474
49 248
408 847
975
99 635
819
588
728
72 469
485
698 443
467
774 86
607 752
646
446
637 403
294
654
971
272
986
258
234 57
865
963
480
881 943
962
676 108
867
397
914
998
714 143
1
672
560
814 85
104 285
891 96
349
334
870
492 80
67 879
706
225
393
228
655
52 534
121
38
850
179
16
328
35
47 897
401 699
314
34
845
583 147
575
514
425
342
536
889
741
70
491
26 58
317
382 876
316
150 716
255
284
10 577
321 375
437 418
376 40
438 653
161 390
849
782 173
245
159
788 952
930 426
717 466
738
420
744 471
625 666
592
326
685 579
310 589
764
882 918
409 324
636 750
8 751
369
965 338
205
742
301
785
240
481 93
347
101 835
693
919 459
704
690
132
776
470 947
507
614
921
725
193
414 461
87
512 353
13
229
14
23
395 465
325
463
900
440
50
836
553 912
154
878
729
829
901 861
939
78
247
684 737
330 793
48
597
392 452
713
541
707
538
769 415
388 339
303
276
140
479
527 66
195 95
0 760
106
259 238
929 609
559
922
30 94
196
899
430
824 937
755
340
913
428 501
490 984
740 705
858 97
678
495 883
578 402
988 686
378
405 226
7
