750
663
21
868 79
1
394 474
854
507
516
284
282
875
481 93
110
462
825 385
268
456
895
258
732
607 752
251
42
593
412
54 949
891 96
998
550
283
543 643
611
852
104 285
809
393
231 524
565
440
220
552 689
63
741
380
962
177
669
678
597
970
328
185 911
865
615 399
358
298
959
14
19
482 709
855
468
33
164
921
746
981 898
9
113
300
228
570
476 162
776
341 55
182 813
470 947
857 633
540
222
901 861
159
712
436
484 455
837 345
317
871 424
708
929 609
176
922
213
216
27 617
241
950
714 143
293
278
478 15
872 152
902 590
923
308
388 339
425
292
354
360
356
805 796
824 937
106
382 876
743
120
799
396
625 666
483
263 398
457
29
546
569
523 568
30 94
930 426
259 238
682
749 573
888
299
953 673
397
691
280 904
676 108
296
406
774 86
641
707
896
449 884
877
329
563 601
171 503
713
526
994
614
489
692
973 206
649
103
992
224 153
602
309
350 562
261
584
913
381
768
680
754
572 789
561
2 910
626
111
987
254
916 155
638
445 53
804
132
303
321 375
575
264 967
816 355
234 57
798 985
320
207 566
822
340
982 603
971
646
67 879
201
441
788 952
600 204
458 366
761
655
592
142
656
130 190
416
529 337
652
10 577
407 138
685 579
364
581 991
926
797 993
8 751
976
513 434
197
4
26 58
585 928
379
497
791
312
639
946 622
229
154
411
202
346
310 589
359 920
637 403
37 249
874
410 133
45
779
730
769 415
420
89
304 266
906
951
101 835
989
232
582 363
933
668 175
240
864
845
212
972
725
431
914
935
235
145
535 528
233
423
490 984
738
196
413 373
758 968
400
744 471
491
279
314
580 183
551
549
371 958
260
193
870
225
924
980 834
369
542 475
486
125
28
621
161 390
237 105
49 248
859
107
538
772
819
983
636 750
627
869
322 894
787
658
849
747
519
706
126 102
199 674
208
246 318
189
783 608
780
215 961
141
7
167
439
336 521
530
41
775
59 384
191 146
352
880
16
815
735 227
408 847
72 469
553 912
934 715
211
92
378
515
331 544
634 91
78
823
764
272
771
850
831
556
739
52 534
612 118
814 85
827
885 587
986
12 853
536
333
209
305
917
757
271 31
839
520
811
454 270
619 818
777
467
374
187
73
505
701 828
576
114 151
498 817
624 344
724
755
148
417 158
74
632 945
370
184
555
640
109
509
957 128
693
681 710
851
554
181
756
149
844
830
43
541
170
702
862 496
442
81
517 65
137 464
667
596
306 659
348
858 97
24
936
537 909
236 32
606
325
687
664 61
195 95
720 999
357
932 545
25
860
169 180
956 494
648
690
890
367
386 242
250 697
736
810 586
56
605
826
75
642
23
68 657
391
997
613
574
808 620
588
136
767
948
438 653
502
893
899
963
915 940
595 307
477
36 432
294
802
631 256
473
83
703 795
792
297 163
351
276
960 675
115 131
672
405 226
422 662
62
711 598
727
302
134 873
647
39
286
616
451
287
840 198
277
974 335
919 459
645
782 173
327 188
223 700
821
480
939
218 856
361
428 501
762 522
121
401 699
460
843
548 773
770 253
100
512 353
186
748
547 365
77
786
463
975
557
661 903
281
387
150 716
488
116 665
591
84 558
977 927
506
221 76
688
295 846
731 695
578 402
832 156
718
362
954
166
485
499
430
90
372 172
330 793
409 324
493
34
988 686
583 147
729
878
289 419
0 760
368 244
723
887
740 705
778
514
886
239
803
334
87
990 838
392 452
628 290
71 129
889
69 599
429
205
539
979 995
70
944
200 262
766
684 737
389
784
230
347
160 696
119 123
124 487
274
404
704
267
660 571
139
448
785
618 941
421
745
812
472
495 883
790
820
437 418
82 801
450
38
46 683
670 88
651 996
194
453
863
165 510
376 40
269 383
781 273
836
881 943
168 763
978
311
174
842
531
964
313
717 466
99 635
794 866
694
47 897
560
623
938
492 80
427 252
833 117
848
203
48
291 765
60
433
5
17
630 525
395 465
722
604
112
315
841 726
610
966
3
892 243
51 511
22
127
446
955
44 800
900
479
323
245
326
316
192
122
13
214 721
654
679
504
247
629
907
759 6
908
728
882 918
734
500
742
905
275
677
447 564
135
567
157 343
965 338
265
644
532
719
179
533
807
806 20
319
178
98
698 443
435
301
829
867
64 444
257 144
11
414 461
255
140
18 288
942
650
508
332
518 753
527 66
50
377
931
219
969
559
210
594
671
35
349
217
925
342
733
