750
149
387
181
926
925
38
495 883
283
971
924
908
165 510
275
45
654
684 737
478 15
277
35
74
869
749 573
223 700
625 666
983
54 949
618 941
994
973 206
593
142
136
411
100
442
970
758 968
556
870
167
25
90
597
761
535 528
380
978
374
771
231 524
319
70
610
166
417 158
308
642
915 940
309
69 599
591
116 665
843
372 172
892 243
44 800
569
125
2 910
959
532
184
930 426
410 133
550
473
975
647
712
234 57
134 873
805 796
43
421
976
836
272
907
342
171 503
195 95
447 564
329
831
429
280 904
63
196
292
201
468
274
837 345
780
422 662
454 270
742
663
906
809
808 620
845
254
974 335
407 138
537 909
764
351
205
268
769 415
208
489
427 252
46 683
541
34
538
794 866
111
992
594
341 55
145
482 709
41
944
651 996
214 721
81
301
436
722
921
681 710
263 398
170
648
706
327 188
236 32
816 355
463
539
636 750
481 93
575
607 752
691
678
661 903
141
555
803
785
245
164
954
650
552 689
359 920
655
687
986
220
397
4
62
806 20
680
982 603
917
16
536
3
217
505
169 180
267
690
369
720 999
717 466
819
347
174
72 469
874
821
393
872 152
585 928
328
667
588
425
82 801
745
19
316
864
506
330 793
708
826
735 227
192
132
479
232
460
977 927
969
770 253
239
416
746
766
187
276
255
377
304 266
140
114 151
606
810 586
456
703 795
529 337
27 617
75
486
900
317
1
890
885 587
784
322 894
747
437 418
287
229
518 753
331 544
440
871 424
508
314
880
814 85
186
130 190
127
431
78
160 696
49 248
762 522
786
224 153
265
611
554
281
888
396
852
137 464
5
848
919 459
430
787
811
222
408 847
824 937
640
652
840 198
185 911
988 686
17
470 947
543 643
199 674
756
857 633
480
225
914
989
718
394 474
628 290
388 339
724
893
851
804
595 307
694
600 204
378
320
833 117
777
962
98
578 402
435
106
119 123
9
371 958
295 846
774 86
161 390
178
882 918
230
733
613
193
581 991
293
299
669
854
570
738
630 525
886
202
902 590
428 501
121
101 835
507
386 242
531
776
688
672
405 226
731 695
112
379
964
42
583 147
875
216
30 94
413 373
99 635
113
725
728
194
960 675
895
279
981 898
692
203
392 452
484 455
533
126 102
631 256
14
677
842
759 6
963
823
284
546
349
916 155
135
965 338
67 879
953 673
644
291 765
775
980 834
233
352
240
498 817
714 143
8 751
103
449 884
450
987
260
237 105
931
33
336 521
656
493
210
29
932 545
841 726
197
278
513 434
711 598
300
445 53
120
668 175
305
433
264 967
615 399
381
346
168 763
92
743
311
542 475
860
732
540
734
39
825 385
502
855
354
367
124 487
334
400
748
294
783 608
790
0 760
707
312
247
632 945
670 88
723
627
755
517 65
702
60
660 571
596
259 238
612 118
22
829
891 96
213
729
28
877
767
83
446
616
899
719
306 659
957 128
89
626
485
867
157 343
563 601
250 697
822
637 403
951
271 31
736
551
356
807
922
269 383
792
139
36 432
682
557
321 375
122
11
310 589
938
950
200 262
844
744 471
77
448
602
457
549
946 622
878
7
228
362
740 705
191 146
64 444
296
182 813
772
901 861
768
629
24
376 40
972
221 76
820
572 789
401 699
516
364
420
757
211
605
679
859
802
574
499
526
849
490 984
832 156
13
47 897
936
23
797 993
634 91
340
713
357
467
527 66
370
26 58
592
948
497
159
614
391
462
990 838
567
12 853
779
148
935
798 985
18 288
781 273
298
48
332
547 365
830
896
382 876
698 443
451
561
218 856
56
500
923
257 144
286
348
889
739
333
727
52 534
560
179
109
73
215 961
313
858 97
483
258
389
302
730
778
791
619 818
360
887
939
406
865
621
998
207 566
782 173
414 461
325
704
395 465
458 366
154
297 163
488
523 568
520
862 496
515
559
604
509
815
514
979 995
701 828
646
504
212
576
624 344
361
934 715
933
476 162
645
441
110
59 384
115 131
565
512 353
638
51 511
439
658
685 579
438 653
176
412
87
71 129
423
453
350 562
929 609
282
788 952
107
477
754
812
881 943
177
548 773
10 577
649
358
868 79
326
676 108
519
246 318
209
623
261
491
303
693
289 419
492 80
68 657
955
368 244
472
639
827
671
942
580 183
241
582 363
530
850
584
997
741
235
863
404
84 558
409 324
905
219
641
966
664 61
150 716
315
104 285
799
189
913
50
839
956 494
251
37 249
21
553 912
323
