750
463
23
570
780
13
166
668 175
280 904
259 238
460
989
350 562
263 398
717 466
739
756
59 384
869
348
778
382 876
533
799
416
895
627
230
164
719
516
199 674
542 475
882 918
946 622
67 879
225
371 958
942
349
500
127
83
732
472
212
110
870
328
790
54 949
56
24
176
314
656
220
814 85
867
844
181
930 426
9
196
865
409 324
815
899
69 599
671
862 496
278
325
744 471
648
271 31
936
70
130 190
157 343
748
297 163
362
512 353
136
98
505
202
171 503
915 940
628 290
855
805 796
327 188
669
236 32
900
520
406
50
531
49 248
159
450
639
423
922
527 66
714 143
552 689
276
592
722
939
195 95
277
541
733
877
104 285
658
368 244
265
776
831
495 883
615 399
901 861
803
632 945
312
998
888
519
341 55
245
160 696
84 558
161 390
34
986
351
178
513 434
71 129
392 452
712
267
141
28
804
770 253
370
200 262
540
380
890
664 61
786
101 835
670 88
787
604
881 943
486
42
771
317
330 793
396
655
762 522
87
774 86
704
626
887
972
798 985
347
313
929 609
676 108
569
944
916 155
221 76
316
468
247
797 993
103
962
116 665
832 156
279
515
100
134 873
274
821
481 93
145
830
453
497
619 818
718
37 249
213
448
553 912
858 97
640
3
891 96
625 666
294
268
295 846
410 133
523 568
914
707
150 716
483
842
74
340
484 455
955
326
333
372 172
229
768
557
189
610
685 579
931
121
550
470 947
43
4
742
381
938
738
30 94
120
309
687
207 566
299
0 760
251
81
925
761
852
690
421
222
376 40
777
493
5
988 686
679
966
485
358
264 967
837 345
433
12 853
983
735 227
167
228
405 226
981 898
537 909
378
477
456
209
807
565
254
642
785
956 494
746
315
616
449 884
219
596
201
563 601
441
701 828
440
871 424
293
458 366
702
706
287
1
119 123
678
886
784
215 961
860
489
951
965 338
436
823
698 443
394 474
8 751
754
18 288
77
35
126 102
75
559
602
142
576
336 521
379
302
908
250 697
491
810 586
729
388 339
231 524
389
672
72 469
306 659
631 256
772
506
769 415
597
139
17
824 937
644
27 617
681 710
693
692
303
636 750
875
165 510
907
21
538
240
848
311
439
572 789
352
749 573
224 153
646
677
45
755
124 487
934 715
16
286
954
92
111
44 800
29
476 162
614
606
979 995
194
741
323
397
734
978
310 589
652
547 365
283
234 57
893
300
661 903
492 80
720 999
825 385
14
682
868 79
106
186
713
660 571
935
391
607 752
629
650
645
960 675
429
584
767
964
526
217
281
561
621
921
554
480
413 373
560
322 894
10 577
447 564
933
233
393
623
530
47 897
192
360
125
140
210
885 587
185 911
833 117
282
971
654
174
342
412
191 146
906
284
235
555
612 118
48
78
758 968
182 813
851
427 252
296
575
997
514
806 20
969
46 683
791
386 242
308
775
953 673
812
600 204
369
239
438 653
291 765
214 721
473
374
782 173
38
509
482 709
588
177
60
258
135
417 158
357
41
691
743
346
637 403
33
113
211
411
854
581 991
304 266
62
779
498 817
36 432
781 273
688
932 545
301
822
404
836
356
783 608
987
488
246 318
422 662
711 598
334
109
169 180
451
556
445 53
917
82 801
7
184
395 465
11
766
367
332
400
902 590
794 866
305
792
26 58
583 147
959
638
90
728
641
727
132
663
319
634 91
149
425
232
585 928
595 307
197
649
548 773
115 131
462
52 534
745
536
499
19
857 633
926
22
467
502
977 927
39
924
401 699
292
990 838
567
582 363
64 444
684 737
580 183
963
137 464
354
168 763
179
889
973 206
839
950
68 657
549
89
730
593
613
840 198
970
535 528
618 941
320
905
446
864
435
574
827
329
504
170
257 144
594
25
957 128
478 15
892 243
223 700
539
518 753
816 355
551
605
216
874
994
289 419
407 138
122
73
982 603
272
747
980 834
651 996
208
361
112
680
454 270
808 620
591
872 152
708
430
359 920
829
725
919 459
624 344
377
975
517 65
321 375
723
974 335
809
757
205
420
479
764
703 795
811
880
724
667
546
976
843
255
630 525
802
788 952
850
261
187
331 544
841 726
148
298
740 705
269 383
647
428 501
819
731 695
275
457
2 910
736
611
154
364
260
241
51 511
431
218 856
543 643
107
845
193
387
529 337
992
849
863
414 461
859
63
913
237 105
408 847
896
948
437 418
203
442
490 984
578 402
923
114 151
820
532
878
759 6
507
508
99 635
826
694
