750
875
327 188
279
755
730
960 675
104 285
723
446
356
805 796
762 522
309
254
607 752
378
357
264 967
407 138
386 242
578 402
990 838
919 459
826
764
863
630 525
667
548 773
347
482 709
539
499
934 715
779
604
500
749 573
54 949
24
436
281
164
668 175
111
122
396
987
997
406
359 920
374
974 335
37 249
417 158
950
234 57
954
931
758 968
332
976
210
437 418
569
220
600 204
788 952
540
168 763
41
584
283
272
980 834
44 800
741
192
986
596
614
70
258
652
858 97
457
804
982 603
376 40
447 564
166
769 415
669
862 496
557
405 226
10 577
555
515
929 609
382 876
103
112
786
899
507
821
745
893
391
115 131
27 617
744 471
681 710
693
159
189
16
43
887
808 620
891 96
660 571
970
489
724
306 659
331 544
618 941
29
820
463
802
770 253
767
757
605
52 534
233
708
316
735 227
439
768
678
237 105
962
368 244
977 927
908
703 795
181
367
250 697
877
56
322 894
527 66
472
925
595 307
854
504
535 528
350 562
816 355
881 943
957 128
516
276
148
154
228
364
706
33
286
694
512 353
621
777
177
230
497
580 183
707
849
727
109
736
505
427 252
506
979 995
49 248
651 996
231 524
119 123
423
712
738
395 465
559
797 993
92
194
236 32
330 793
311
570
201
478 15
300
9
7
352
811
38
346
209
782 173
203
314
902 590
454 270
12 853
554
933
966
219
794 866
19
245
51 511
679
428 501
354
78
553 912
906
868 79
780
251
781 273
624 344
658
810 586
798 985
260
994
116 665
493
872 152
161 390
581 991
182 813
664 61
431
149
734
756
333
284
141
661 903
907
275
959
341 55
567
293
552 689
822
150 716
869
72 469
361
30 94
638
942
113
490 984
870
615 399
179
713
483
936
889
137 464
125
628 290
572 789
585 928
582 363
348
89
513 434
951
334
815
812
83
992
989
372 172
882 918
642
1
409 324
320
526
17
326
3
301
701 828
646
537 909
433
886
26 58
698 443
650
761
774 86
295 846
565
517 65
806 20
45
404
672
921
625 666
82 801
479
932 545
857 633
169 180
973 206
481 93
223 700
895
641
46 683
807
488
313
747
135
690
414 461
187
462
174
632 945
714 143
871 424
680
178
207 566
827
971
888
468
259 238
728
729
670 88
495 883
824 937
438 653
185 911
900
50
823
394 474
640
23
413 373
160 696
809
594
171 503
529 337
830
429
878
766
47 897
498 817
637 403
388 339
39
852
542 475
988 686
18 288
626
518 753
972
69 599
725
247
473
294
84 558
412
323
136
885 587
803
718
470 947
692
64 444
684 737
636 750
246 318
944
647
193
441
591
955
139
508
602
241
74
99 635
648
778
676 108
422 662
2 910
59 384
235
939
930 426
208
864
831
536
983
90
541
328
843
312
654
451
935
305
938
298
379
184
784
360
8 751
387
740 705
22
790
509
915 940
127
214 721
411
649
142
593
68 657
467
36 432
450
215 961
663
814 85
975
401 699
202
748
787
167
315
440
913
267
746
742
268
588
671
296
860
145
377
561
531
126 102
543 643
556
480
485
776
825 385
319
302
186
255
575
274
224 153
81
14
393
859
100
63
280 904
211
833 117
107
106
21
0 760
922
442
731 695
850
380
772
410 133
523 568
445 53
639
197
848
205
140
310 589
627
304 266
132
222
476 162
717 466
232
880
623
62
349
890
530
613
998
77
321 375
688
645
926
213
837 345
981 898
704
754
687
792
212
110
121
408 847
719
549
397
351
917
425
631 256
392 452
371 958
11
317
953 673
851
42
492 80
901 861
783 608
892 243
759 6
282
702
656
291 765
711 598
844
685 579
5
358
629
550
420
195 95
75
299
101 835
606
969
655
611
325
691
978
720 999
263 398
278
905
612 118
196
616
832 156
239
546
218 856
799
370
336 521
176
87
120
592
329
308
421
134 873
157 343
362
71 129
946 622
532
124 487
477
519
257 144
533
739
200 262
836
342
610
486
775
130 190
303
430
98
733
34
449 884
199 674
114 151
400
165 510
867
842
491
841 726
191 146
574
644
240
829
416
583 147
287
265
25
60
217
389
369
297 163
448
514
563 601
547 365
963
484 455
840 198
771
743
520
819
13
916 155
924
28
261
340
502
576
4
271 31
845
677
460
73
67 879
48
914
785
865
722
732
381
435
634 91
453
597
221 76
225
791
964
619 818
956 494
292
289 419
551
229
855
682
35
560
456
948
170
965 338
216
269 383
896
923
538
839
874
277
458 366
