750
169 180
186
768
0 760
561
134 873
48
135
669
565
217
672
820
553 912
202
950
408 847
278
370
488
78
194
769 415
35
317
428 501
232
823
141
857 633
575
975
637 403
160 696
690
438 653
241
357
98
655
64 444
11
251
114 151
811
348
122
340
843
27 617
570
325
492 80
328
833 117
359 920
509
228
642
875
593
942
788 952
839
626
934 715
739
493
389
276
157 343
605
513 434
779
567
619 818
767
450
439
374
764
421
693
17
864
82 801
977 927
652
216
396
184
915 940
990 838
327 188
540
264 967
39
831
213
77
526
902 590
174
729
641
679
212
225
585 928
862 496
314
490 984
412
261
518 753
794 866
539
749 573
26 58
369
863
480
449 884
860
199 674
824 937
845
372 172
965 338
329
44 800
505
280 904
852
166
738
154
938
182 813
411
708
429
470 947
394 474
342
295 846
792
581 991
47 897
527 66
282
650
491
519
981 898
220
24
33
300
106
677
177
387
433
358
541
120
145
367
13
812
284
552 689
291 765
484 455
400
218 856
458 366
504
542 475
889
214 721
798 985
425
758 968
970
783 608
707
871 424
215 961
482 709
407 138
814 85
762 522
258
607 752
233
714 143
54 949
222
323
104 285
181
921
440
956 494
485
578 402
341 55
628 290
919 459
310 589
982 603
401 699
140
286
772
148
574
38
555
56
332
559
654
885 587
663
892 243
529 337
625 666
849
930 426
130 190
413 373
289 419
136
454 270
858 97
979 995
388 339
294
616
192
422 662
354
28
63
962
60
239
30 94
671
832 156
550
530
81
826
994
84 558
382 876
936
75
900
611
430
939
661 903
193
441
316
597
309
16
277
730
732
855
302
906
351
743
747
103
880
272
842
681 710
477
392 452
712
851
694
775
67 879
116 665
687
757
785
447 564
269 383
287
600 204
197
648
953 673
546
453
171 503
520
929 609
275
457
551
161 390
386 242
305
976
404
322 894
992
73
922
787
234 57
50
132
364
777
742
311
706
139
257 144
563 601
508
201
70
100
946 622
435
90
935
704
636 750
265
462
189
744 471
303
137 464
735 227
840 198
368 244
786
111
776
645
37 249
417 158
506
107
19
591
4
837 345
68 657
209
260
507
924
631 256
268
495 883
483
321 375
746
502
908
588
923
3
713
208
336 521
442
72 469
931
113
890
770 253
740 705
380
255
825 385
409 324
379
405 226
532
10 577
235
350 562
594
481 93
778
36 432
731 695
997
881 943
782 173
872 152
933
850
125
101 835
109
554
298
987
989
195 95
720 999
868 79
187
807
632 945
460
649
536
980 834
560
874
468
964
331 544
74
895
281
1
854
110
25
498 817
42
512 353
515
489
893
724
584
804
629
988 686
326
531
727
810 586
717 466
376 40
119 123
886
734
535 528
827
580 183
925
748
9
957 128
971
149
829
46 683
207 566
51 511
722
18 288
624 344
150 716
49 248
891 96
170
237 105
548 773
888
467
784
816 355
691
797 993
791
973 206
932 545
87
514
914
944
701 828
907
41
549
320
112
349
869
614
29
972
315
165 510
203
92
572 789
728
236 32
476 162
229
882 918
537 909
745
865
815
437 418
755
630 525
780
299
267
680
606
615 399
806 20
963
478 15
185 911
333
557
279
377
312
821
926
692
115 131
899
830
966
613
126 102
410 133
878
99 635
23
676 108
556
974 335
224 153
916 155
948
627
604
71 129
308
802
69 599
684 737
406
245
451
723
486
395 465
259 238
867
698 443
913
870
223 700
805 796
448
293
393
983
159
569
200 262
836
330 793
986
621
391
463
254
423
179
602
230
124 487
736
618 941
362
741
59 384
313
5
670 88
191 146
168 763
420
905
296
664 61
771
142
456
205
592
34
22
416
711 598
610
766
319
431
45
859
381
436
595 307
164
808 620
774 86
479
754
887
819
445 53
371 958
533
240
500
176
822
397
998
719
954
725
283
646
167
703 795
301
685 579
304 266
472
733
959
583 147
543 643
210
647
901 861
612 118
12 853
955
14
634 91
896
978
799
347
7
638
497
274
640
969
667
702
414 461
547 365
809
83
246 318
219
668 175
623
62
427 252
473
360
378
761
178
844
803
127
644
678
297 163
596
352
951
658
247
660 571
651 996
334
356
517 65
917
718
523 568
231 524
2 910
446
656
121
759 6
682
306 659
790
271 31
877
8 751
688
211
52 534
639
361
538
43
499
196
221 76
263 398
848
89
292
960 675
516
576
582 363
841 726
21
781 273
756
346
250 697
