750
485
122
855
161 390
354
798 985
540
827
637 403
982 603
516
743
931
282
286
889
794 866
113
536
177
881 943
807
25
482 709
651 996
658
863
21
742
821
214 721
160 696
848
127
640
690
19
627
836
207 566
371 958
809
295 846
407 138
712
34
623
676 108
493
808 620
832 156
72 469
508
596
98
775
768
592
619 818
766
414 461
2 910
933
802
258
625 666
944
843
54 949
352
447 564
322 894
588
211
840 198
473
634 91
247
49 248
389
499
148
806 20
401 699
569
388 339
139
300
498 817
762 522
106
439
453
83
0 760
8 751
35
543 643
196
642
235
692
193
417 158
594
735 227
647
936
497
451
197
287
154
902 590
332
48
701 828
552 689
68 657
191 146
277
886
293
125
891 96
393
260
972
826
934 715
368 244
870
841 726
268
976
769 415
862 496
576
669
51 511
397
868 79
644
572 789
333
132
41
711 598
860
638
284
150 716
11
480
939
342
913
137 464
698 443
950
87
992
922
199 674
925
70
611
478 15
906
865
618 941
449 884
239
591
159
271 31
457
279
304 266
217
512 353
329
830
629
739
63
550
165 510
983
717 466
693
64 444
310 589
1
668 175
892 243
895
476 162
440
729
81
201
685 579
649
336 521
82 801
218 856
265
171 503
411
811
946 622
296
837 345
232
320
575
202
357
421
907
23
942
200 262
484 455
119 123
556
255
526
990 838
468
741
822
136
671
174
52 534
311
974 335
874
490 984
392 452
425
816 355
580 183
334
867
681 710
50
888
549
326
704
263 398
448
667
917
519
278
560
194
770 253
548 773
803
29
208
718
678
77
694
595 307
4
340
616
639
804
814 85
771
362
538
981 898
656
680
110
630 525
241
914
184
908
231 524
557
292
433
107
254
679
429
404
882 918
372 172
313
37 249
954
733
410 133
346
734
240
606
317
989
851
116 665
250 697
730
192
744 471
858 97
831
280 904
423
297 163
783 608
89
303
319
431
90
935
312
283
504
166
650
245
314
360
815
483
964
514
584
16
978
420
17
164
703 795
445 53
880
723
781 273
289 419
176
926
654
406
460
328
500
626
416
567
997
890
977 927
532
115 131
542 475
489
956 494
722
805 796
502
233
672
987
351
140
636 750
442
141
728
56
854
864
47 897
321 375
842
648
73
189
7
22
341 55
509
957 128
492 80
46 683
359 920
869
246 318
472
962
632 945
615 399
219
216
998
687
780
953 673
380
924
554
456
604
350 562
5
663
979 995
33
470 947
463
104 285
565
387
585 928
930 426
412
427 252
181
541
167
551
799
36 432
708
203
559
331 544
725
60
437 418
369
275
221 76
535 528
236 32
747
234 57
767
652
610
527 66
13
120
269 383
986
224 153
745
396
660 571
849
281
919 459
901 861
764
529 337
749 573
684 737
330 793
748
315
923
18 288
714 143
78
790
955
301
810 586
537 909
561
553 912
887
450
42
99 635
145
777
973 206
787
291 765
824 937
134 873
59 384
441
43
778
852
261
628 290
593
377
121
69 599
112
92
505
597
570
316
276
215 961
971
348
761
367
724
706
187
960 675
792
759 6
10 577
812
523 568
547 365
786
168 763
899
209
740 705
539
435
578 402
274
872 152
222
382 876
294
179
210
885 587
980 834
614
857 633
788 952
546
267
563 601
101 835
27 617
951
555
772
381
916 155
229
530
185 911
111
731 695
581 991
833 117
844
205
436
103
195 95
422 662
850
39
682
186
358
428 501
302
126 102
467
517 65
574
486
756
228
774 86
364
746
178
251
624 344
356
533
583 147
605
758 968
602
938
646
515
702
327 188
776
237 105
893
409 324
12 853
513 434
44 800
707
507
272
664 61
488
859
395 465
135
871 424
259 238
379
495 883
378
829
784
230
477
394 474
370
361
349
582 363
386 242
124 487
308
408 847
757
157 343
727
481 93
959
736
71 129
621
791
600 204
479
785
438 653
67 879
446
84 558
691
905
738
719
878
963
688
376 40
225
62
932 545
613
839
26 58
975
169 180
309
732
462
948
400
531
413 373
994
900
670 88
965 338
506
306 659
257 144
915 940
109
655
458 366
325
130 190
641
149
405 226
74
14
754
323
28
3
823
170
38
24
305
391
988 686
491
45
520
755
779
875
114 151
661 903
30 94
518 753
877
220
607 752
845
212
820
929 609
223 700
631 256
182 813
966
921
645
713
896
612 118
100
264 967
213
75
430
9
454 270
720 999
782 173
298
819
142
969
299
677
970
347
797 993
825 385
374
