750
551
533
303
704
395 465
145
776
924
50
433
917
543 643
829
369
663
632 945
906
45
89
388 339
125
484 455
804
823
218 856
661 903
851
887
840 198
523 568
836
374
27 617
161 390
70
441
680
449 884
526
919 459
679
168 763
347
142
124 487
284
272
410 133
799
381
585 928
596
779
986
638
858 97
372 172
781 273
606
245
713
185 911
4
582 363
17
310 589
237 105
816 355
63
802
923
824 937
254
394 474
536
975
701 828
141
588
311
648
921
103
92
121
478 15
560
693
852
126 102
837 345
939
265
809
655
257 144
615 399
332
629
223 700
860
678
239
320
301
843
969
554
203
477
690
75
423
786
460
480
304 266
667
848
604
495 883
976
784
875
361
166
43
681 710
642
631 256
241
602
592
354
282
504
350 562
974 335
757
895
442
468
235
934 715
451
205
731 695
417 158
331 544
517 65
948
872 152
553 912
962
406
850
597
16
56
287
687
84 558
994
772
473
211
98
670 88
336 521
977 927
862 496
325
610
756
805 796
997
770 253
742
529 337
439
636 750
724
220
827
702
825 385
878
754
826
200 262
11
761
411
216
77
797 993
275
899
250 697
113
247
794 866
228
71 129
81
491
499
209
164
135
555
328
67 879
356
979 995
83
718
936
956 494
891 96
457
749 573
348
810 586
297 163
177
820
812
983
346
880
10 577
714 143
371 958
932 545
106
309
929 609
758 968
222
990 838
416
930 426
832 156
352
221 76
281
422 662
359 920
73
628 290
182 813
935
368 244
171 503
639
842
36 432
341 55
49 248
3
251
688
370
414 461
913
404
159
707
293
982 603
790
420
780
951
890
225
357
362
627
959
902 590
213
806 20
208
448
319
396
278
431
822
933
954
685 579
149
611
950
888
212
382 876
389
333
280 904
215 961
844
922
170
668 175
572 789
607 752
393
52 534
783 608
19
490 984
931
583 147
69 599
900
446
360
855
231 524
563 601
179
154
316
743
351
39
196
120
82 801
132
470 947
684 737
708
279
548 773
645
889
741
246 318
12 853
782 173
565
744 471
405 226
641
323
462
859
184
905
938
755
672
194
885 587
454 270
137 464
195 95
8 751
901 861
730
868 79
259 238
703 795
908
378
580 183
803
738
267
711 598
591
892 243
295 846
537 909
109
289 419
877
492 80
514
549
530
515
192
41
893
136
421
408 847
386 242
189
735 227
440
219
485
864
429
176
367
987
271 31
233
652
540
21
768
649
391
867
72 469
35
438 653
980 834
512 353
869
236 32
5
746
127
283
732
914
472
134 873
483
397
364
160 696
944
626
953 673
387
966
90
771
785
748
767
557
380
623
527 66
148
516
330 793
37 249
268
116 665
260
664 61
498 817
178
42
25
593
637 403
400
595 307
769 415
723
734
830
569
574
578 402
463
508
47 897
181
658
99 635
467
261
691
971
764
774 86
619 818
9
775
650
841 726
725
614
479
656
811
488
739
766
625 666
197
167
500
302
329
849
538
502
561
199 674
436
698 443
505
706
896
23
315
334
600 204
788 952
814 85
720 999
258
299
546
669
981 898
778
733
747
291 765
150 716
165 510
48
308
29
140
26 58
430
965 338
660 571
745
542 475
224 153
576
559
104 285
292
955
425
269 383
646
946 622
232
306 659
111
870
18 288
264 967
634 91
833 117
791
960 675
412
62
654
110
101 835
300
717 466
594
616
28
964
130 190
621
321 375
907
14
509
313
798 985
427 252
531
815
819
886
644
736
327 188
34
518 753
191 146
187
787
74
112
33
349
970
792
413 373
581 991
916 155
59 384
13
874
998
694
989
450
409 324
64 444
2 910
379
115 131
575
963
493
651 996
358
532
298
207 566
214 721
692
807
676 108
942
740 705
139
831
854
520
992
926
392 452
296
915 940
114 151
539
234 57
640
481 93
305
458 366
613
497
762 522
277
584
169 180
567
728
1
342
263 398
340
44 800
624 344
839
30 94
857 633
174
882 918
729
240
552 689
100
570
294
24
973 206
925
122
513 434
60
312
865
486
759 6
437 418
719
255
647
777
821
0 760
712
107
605
988 686
871 424
519
54 949
453
547 365
377
845
119 123
68 657
535 528
435
193
489
78
428 501
401 699
863
556
217
808 620
881 943
201
202
476 162
957 128
507
51 511
229
671
550
376 40
274
407 138
677
506
276
326
314
612 118
46 683
157 343
618 941
682
22
87
7
317
727
482 709
322 894
447 564
978
972
445 53
286
186
630 525
230
456
722
38
541
210
