750
414 461
374
486
404
651 996
852
201
348
101 835
297 163
312
223 700
284
593
864
457
376 40
341 55
677
744 471
75
509
135
612 118
962
417 158
222
280 904
346
164
734
663
364
669
694
150 716
809
758 968
644
213
820
939
747
652
169 180
261
427 252
1
35
439
704
712
946 622
908
495 883
74
508
805 796
320
314
236 32
868 79
292
749 573
526
989
332
549
520
981 898
329
463
327 188
895
81
637 403
479
194
530
203
351
543 643
729
933
915 940
957 128
512 353
0 760
882 918
302
231 524
531
769 415
559
481 93
186
413 373
323
52 534
275
263 398
381
208
926
326
613
676 108
719
779
626
177
748
536
422 662
407 138
140
693
490 984
880
990 838
232
650
814 85
357
631 256
33
5
900
660 571
597
423
732
174
70
655
576
798 985
698 443
645
120
891 96
287
27 617
971
214 721
560
679
836
892 243
516
325
17
776
50
934 715
723
104 285
731 695
258
552 689
950
420
400
816 355
220
606
842
245
387
607 752
893
725
917
454 270
743
976
488
567
783 608
513 434
913
815
616
768
664 61
878
358
137 464
247
982 603
51 511
859
352
205
134 873
733
570
267
170
780
69 599
328
468
319
870
386 242
217
963
3
997
160 696
179
518 753
412
955
844
378
966
282
142
540
791
124 487
313
472
691
973 206
649
553 912
881 943
786
484 455
767
379
161 390
235
433
546
456
441
865
614
476 162
905
189
361
854
740 705
639
762 522
843
279
493
377
565
538
634 91
9
969
812
594
819
296
790
428 501
505
687
367
771
739
301
421
978
851
554
575
397
907
624 344
334
523 568
405 226
72 469
678
451
321 375
234 57
342
298
26 58
951
592
382 876
7
207 566
268
532
211
322 894
638
24
931
13
299
23
106
446
462
167
972
185 911
239
872 152
233
863
707
293
370
316
869
46 683
303
43
648
761
841 726
491
656
126 102
930 426
73
572 789
274
333
254
727
535 528
848
28
380
191 146
148
627
514
642
611
49 248
974 335
860
112
925
237 105
770 253
409 324
959
703 795
746
168 763
411
929 609
680
588
724
18 288
584
630 525
21
706
225
830
671
100
832 156
125
145
178
305
977 927
502
810 586
311
730
826
71 129
960 675
221 76
551
56
277
410 133
887
251
467
885 587
988 686
906
541
563 601
401 699
986
681 710
37 249
690
774 86
825 385
557
701 828
953 673
682
919 459
647
36 432
661 903
975
827
922
241
317
315
794 866
970
889
197
684 737
901 861
429
702
871 424
192
12 853
255
304 266
714 143
14
394 474
478 15
668 175
778
389
113
29
45
395 465
965 338
923
78
141
300
983
196
924
605
636 750
775
269 383
330 793
728
445 53
992
759 6
396
63
331 544
139
720 999
583 147
16
987
340
103
82 801
240
276
259 238
229
393
629
38
369
165 510
515
685 579
87
110
111
136
806 20
228
460
212
19
64 444
708
717 466
902 590
436
246 318
890
154
4
202
281
83
291 765
787
359 920
368 244
67 879
641
766
47 897
90
485
539
555
581 991
896
218 856
561
216
899
425
916 155
849
438 653
264 967
295 846
547 365
497
306 659
60
440
604
527 66
278
356
942
187
823
11
392 452
777
596
850
289 419
480
802
193
785
483
722
938
360
391
824 937
199 674
618 941
632 945
625 666
430
519
944
803
781 273
542 475
640
48
219
755
855
109
623
582 363
692
602
954
215 961
621
77
458 366
309
867
807
764
821
2 910
283
935
362
54 949
756
122
772
504
308
473
914
550
482 709
784
500
171 503
8 751
210
833 117
670 88
310 589
114 151
388 339
182 813
921
265
845
260
529 337
711 598
442
492 80
829
92
936
517 65
994
498 817
615 399
127
116 665
447 564
449 884
858 97
347
209
688
667
224 153
788 952
839
888
130 190
979 995
470 947
628 290
25
184
68 657
272
619 818
877
431
477
294
797 993
808 620
350 562
408 847
745
964
672
718
99 635
107
62
450
336 521
874
757
195 95
132
257 144
372 172
437 418
886
792
371 958
533
166
556
250 697
585 928
862 496
569
998
84 558
416
537 909
115 131
595 307
646
230
837 345
119 123
578 402
956 494
738
799
271 31
742
506
580 183
741
448
831
499
98
22
157 343
181
176
610
980 834
782 173
932 545
200 262
654
453
10 577
59 384
574
30 94
735 227
713
406
39
489
41
822
948
840 198
658
591
159
34
89
354
121
811
149
286
435
804
548 773
736
42
600 204
754
507
349
857 633
875
44 800
