750
951
553 912
829
613
880
154
223 700
25
84 558
934 715
812
135
388 339
691
486
891 96
939
989
456
473
588
953 673
380
414 461
139
971
758 968
859
685 579
563 601
596
513 434
326
23
532
519
794 866
539
302
730
629
574
126 102
157 343
396
438 653
799
619 818
972
808 620
122
178
732
215 961
167
287
489
470 947
400
460
875
185 911
526
628 290
8 751
506
860
217
200 262
677
648
3
625 666
981 898
176
83
476 162
946 622
195 95
309
192
775
304 266
367
549
73
797 993
392 452
269 383
327 188
34
874
134 873
540
815
186
75
962
89
99 635
987
923
468
161 390
71 129
855
169 180
427 252
279
389
892 243
885 587
933
547 365
245
74
977 927
322 894
741
221 76
872 152
495 883
321 375
502
604
371 958
518 753
305
742
451
340
948
149
189
997
209
661 903
381
219
357
786
585 928
87
246 318
208
906
368 244
12 853
1
814 85
713
174
362
29
676 108
347
497
764
263 398
785
207 566
810 586
231 524
360
594
498 817
792
276
597
194
913
240
744 471
964
600 204
479
973 206
529 337
871 424
626
701 828
92
832 156
748
37 249
314
578 402
120
492 80
63
820
236 32
621
881 943
515
694
379
986
862 496
203
667
584
935
78
684 737
358
205
630 525
329
559
359 920
301
24
858 97
234 57
333
905
757
372 172
351
213
350 562
295 846
278
512 353
26 58
672
640
38
955
490 984
717 466
405 226
560
809
783 608
615 399
282
247
272
306 659
605
199 674
196
680
43
762 522
735 227
229
82 801
982 603
436
429
509
463
887
409 324
54 949
593
738
145
831
164
708
819
778
848
274
394 474
727
393
950
27 617
823
646
313
777
261
224 153
411
561
210
963
100
729
754
627
315
776
171 503
98
7
975
747
472
798 985
893
254
542 475
791
517 65
376 40
826
280 904
283
530
202
537 909
782 173
980 834
488
575
546
404
111
420
767
723
50
612 118
449 884
942
441
148
310 589
849
17
595 307
992
296
48
755
67 879
237 105
688
803
766
493
179
124 487
925
81
374
294
649
361
656
298
2 910
431
45
13
965 338
184
113
978
569
386 242
616
703 795
554
499
990 838
462
235
109
938
969
761
408 847
428 501
678
284
41
959
64 444
445 53
970
11
774 86
425
870
328
68 657
769 415
850
485
483
719
481 93
330 793
104 285
516
531
110
177
919 459
736
780
30 94
4
637 403
731 695
632 945
966
854
843
929 609
232
197
824 937
264 967
265
650
5
954
681 710
827
446
889
936
341 55
746
670 88
56
520
51 511
548 773
647
704
454 270
565
556
895
886
533
28
222
770 253
52 534
671
567
378
182 813
882 918
994
833 117
90
804
391
707
114 151
840 198
932 545
14
423
477
107
781 273
191 146
749 573
550
159
10 577
611
771
422 662
679
480
406
228
581 991
137 464
453
956 494
536
663
18 288
421
618 941
740 705
527 66
779
718
901 861
457
21
44 800
654
706
303
863
505
136
275
806 20
896
639
39
331 544
868 79
523 568
720 999
790
944
354
825 385
336 521
576
711 598
259 238
610
888
447 564
642
387
141
811
555
170
580 183
140
651 996
899
19
218 856
830
759 6
439
908
728
62
693
115 131
842
47 897
160 696
69 599
557
435
668 175
46 683
349
293
592
915 940
233
541
241
364
851
412
478 15
417 158
220
878
216
323
839
300
606
257 144
42
119 123
607 752
320
930 426
784
22
733
297 163
116 665
370
77
112
181
332
690
311
669
960 675
852
500
641
702
664 61
638
535 528
346
193
130 190
924
739
636 750
458 366
60
442
602
342
644
624 344
101 835
401 699
491
743
250 697
260
957 128
877
890
72 469
572 789
201
212
397
312
788 952
802
437 418
0 760
325
822
917
591
631 256
614
251
33
865
319
299
334
271 31
352
921
230
857 633
292
869
712
225
979 995
121
988 686
467
543 643
552 689
634 91
722
214 721
142
645
900
821
187
106
867
286
745
448
983
926
440
725
49 248
538
289 419
132
433
168 763
268
864
508
570
36 432
931
416
623
914
125
655
841 726
976
787
277
698 443
714 143
9
407 138
317
70
59 384
551
413 373
166
377
211
395 465
724
902 590
807
514
35
687
430
127
692
165 510
837 345
660 571
308
369
450
582 363
410 133
816 355
316
845
382 876
583 147
504
907
772
239
805 796
768
756
998
16
258
734
916 155
974 335
267
103
348
922
836
356
150 716
255
652
658
281
507
484 455
291 765
682
482 709
844
