750
433
867
269 383
435
637 403
460
667
166
575
930 426
316
478 15
23
936
569
559
181
294
538
688
618 941
552 689
267
83
397
944
798 985
90
731 695
836
578 402
197
965 338
900
484 455
71 129
208
446
582 363
839
684 737
616
136
799
302
499
624 344
615 399
210
450
656
694
678
729
334
561
677
114 151
532
481 93
356
56
580 183
597
650
408 847
703 795
150 716
406
12 853
594
902 590
572 789
103
259 238
236 32
878
899
979 995
924
437 418
239
719
13
311
892 243
712
966
790
14
972
630 525
725
814 85
396
333
386 242
317
134 873
871 424
405 226
905
842
45
761
869
250 697
890
360
315
111
126 102
629
535 528
301
209
436
942
998
203
690
921
115 131
116 665
604
679
50
514
860
938
574
21
287
62
554
69 599
447 564
788 952
223 700
247
200 262
762 522
98
107
182 813
491
10 577
369
448
170
754
621
870
747
225
733
216
963
854
106
219
507
431
281
527 66
222
328
704
263 398
391
449 884
520
295 846
127
981 898
11
401 699
51 511
312
794 866
477
264 967
185 911
648
647
492 80
540
956 494
441
41
54 949
519
882 918
87
929 609
506
888
404
246 318
504
546
378
319
164
923
702
145
764
458 366
668 175
179
602
119 123
922
592
926
851
845
777
357
537 909
422 662
438 653
868 79
237 105
5
322 894
439
780
274
241
841 726
664 61
915 940
159
298
550
655
992
732
982 603
149
758 968
423
627
723
821
925
440
186
718
176
600 204
850
296
769 415
352
293
990 838
895
43
628 290
29
278
453
488
983
78
174
416
515
482 709
640
745
874
714 143
348
625 666
73
772
49 248
642
42
935
304 266
526
681 710
421
567
157 343
808 620
505
411
987
950
412
553 912
9
137 464
727
980 834
543 643
698 443
649
35
743
824 937
802
953 673
557
783 608
99 635
254
533
25
781 273
280 904
748
371 958
336 521
420
36 432
205
410 133
581 991
473
2 910
169 180
805 796
217
549
46 683
19
509
652
973 206
120
555
641
245
701 828
92
141
720 999
68 657
67 879
167
389
776
122
907
59 384
361
885 587
154
548 773
493
645
379
812
442
791
454 270
187
489
472
717 466
959
596
692
417 158
685 579
260
939
171 503
414 461
880
251
110
849
130 190
815
38
551
16
234 57
7
84 558
463
502
728
17
230
349
707
305
382 876
368 244
901 861
713
229
309
948
634 91
722
614
109
970
646
201
165 510
974 335
676 108
429
855
255
235
975
932 545
82 801
889
661 903
347
786
840 198
457
742
576
359 920
374
184
351
891 96
654
160 696
971
215 961
864
193
826
340
585 928
409 324
362
75
330 793
495 883
767
612 118
367
39
44 800
931
177
955
584
518 753
775
770 253
913
613
724
37 249
784
8 751
284
325
711 598
593
994
113
669
320
497
211
77
804
394 474
354
951
740 705
792
195 95
30 94
178
326
468
730
314
191 146
395 465
827
658
282
462
81
829
214 721
976
619 818
542 475
428 501
822
392 452
852
651 996
819
969
135
142
346
329
393
3
89
199 674
787
321 375
413 373
52 534
380
660 571
376 40
556
261
806 20
639
26 58
486
63
736
626
132
858 97
881 943
224 153
265
837 345
631 256
467
500
276
833 117
161 390
299
451
0 760
275
387
125
60
303
960 675
636 750
848
289 419
194
480
300
513 434
962
372 172
638
508
632 945
583 147
680
919 459
989
759 6
445 53
228
687
272
916 155
946 622
875
785
865
168 763
331 544
766
811
479
547 365
33
476 162
539
782 173
47 897
746
591
400
512 353
954
207 566
749 573
872 152
189
34
914
825 385
498 817
283
456
809
755
291 765
741
886
18 288
268
257 144
797 993
541
221 76
279
917
606
682
830
213
595 307
332
370
978
738
877
196
957 128
908
756
4
139
663
310 589
862 496
774 86
24
803
670 88
906
220
212
292
430
1
708
124 487
887
470 947
832 156
530
70
104 285
588
820
779
739
407 138
831
529 337
100
986
734
964
517 65
112
388 339
823
768
313
977 927
672
757
843
536
323
341 55
933
859
64 444
101 835
364
233
327 188
893
74
22
810 586
605
483
231 524
563 601
48
693
611
778
381
744 471
192
560
358
610
297 163
27 617
857 633
425
516
485
807
997
306 659
771
735 227
202
121
232
148
934 715
844
140
240
258
523 568
706
644
691
607 752
277
490 984
863
286
308
72 469
377
570
623
271 31
350 562
427 252
896
531
565
342
988 686
28
816 355
218 856
671
