750
293
176
397
451
658
401 699
679
235
298
42
197
457
483
309
127
711 598
537 909
89
8 751
887
735 227
536
404
482 709
116 665
493
815
125
646
46 683
736
997
778
638
508
145
233
350 562
47 897
476 162
717 466
99 635
473
542 475
83
217
816 355
240
762 522
706
851
405 226
370
718
110
354
21
648
257 144
668 175
517 65
582 363
78
998
425
782 173
610
282
929 609
719
44 800
442
570
400
670 88
396
499
870
0 760
875
799
616
408 847
664 61
470 947
561
754
463
982 603
957 128
775
485
672
230
880
74
41
932 545
393
868 79
297 163
315
535 528
893
759 6
312
328
538
495 883
203
126 102
533
37 249
768
49 248
195 95
825 385
553 912
539
677
549
367
727
87
468
347
811
554
320
220
809
7
379
134 873
565
631 256
209
703 795
576
607 752
486
43
276
109
268
593
60
447 564
730
223 700
71 129
814 85
480
54 949
310 589
215 961
14
921
842
356
803
781 273
433
552 689
29
70
361
837 345
808 620
527 66
962
100
157 343
395 465
652
712
896
933
12 853
374
449 884
900
193
39
986
877
333
812
575
438 653
329
627
211
410 133
833 117
259 238
618 941
514
584
472
731 695
2 910
827
166
406
954
857 633
371 958
62
407 138
294
437 418
505
621
462
924
772
916 155
541
358
915 940
237 105
946 622
733
669
30 94
641
624 344
822
106
688
978
228
600 204
732
671
787
922
4
963
84 558
791
862 496
92
81
322 894
845
497
723
199 674
532
972
334
980 834
971
284
628 290
122
56
225
420
548 773
518 753
446
959
51 511
830
458 366
729
889
613
512 353
604
563 601
450
913
636 750
948
22
137 464
269 383
417 158
311
931
863
519
895
16
305
308
611
160 696
560
655
783 608
748
855
11
13
498 817
956 494
902 590
854
864
389
364
578 402
5
412
969
140
769 415
75
821
661 903
680
939
10 577
734
899
391
950
169 180
258
232
693
428 501
201
302
758 968
299
840 198
101 835
440
212
919 459
531
936
975
208
647
785
245
634 91
676 108
612 118
574
113
988 686
9
935
224 153
852
859
427 252
136
567
713
120
68 657
149
914
214 721
267
738
701 828
891 96
690
841 726
414 461
192
804
681 710
543 643
757
35
580 183
275
849
351
540
283
637 403
779
423
656
326
858 97
171 503
797 993
251
261
316
741
798 985
213
300
739
264 967
386 242
826
24
45
557
481 93
484 455
667
368 244
602
595 307
774 86
272
572 789
923
82 801
740 705
551
246 318
749 573
905
490 984
187
591
725
892 243
467
623
743
161 390
976
255
704
934 715
794 866
430
202
890
325
377
660 571
348
651 996
287
263 398
360
67 879
488
926
34
529 337
654
381
632 945
130 190
506
33
346
583 147
279
454 270
90
28
987
48
938
277
321 375
523 568
295 846
819
953 673
824 937
154
592
72 469
764
625 666
352
878
994
802
649
556
714 143
755
479
306 659
489
780
241
185 911
216
761
372 172
724
650
832 156
422 662
119 123
254
77
336 521
239
103
179
436
59 384
301
745
167
319
992
550
178
148
990 838
594
387
189
663
359 920
362
790
507
692
64 444
526
836
260
98
289 419
112
917
69 599
742
159
766
304 266
181
684 737
104 285
281
965 338
382 876
435
810 586
872 152
1
19
456
644
142
124 487
906
291 765
981 898
369
615 399
645
844
882 918
848
23
881 943
925
867
907
477
380
831
869
250 697
139
207 566
805 796
547 365
274
865
229
63
806 20
132
626
642
516
707
205
135
777
708
930 426
17
218 856
184
685 579
164
323
639
702
114 151
168 763
569
421
640
332
771
219
691
974 335
317
979 995
720 999
194
331 544
221 76
559
107
234 57
888
247
286
191 146
500
416
581 991
960 675
392 452
530
596
977 927
431
756
942
280 904
292
441
843
50
722
694
265
513 434
200 262
786
52 534
744 471
388 339
973 206
678
231 524
886
491
38
555
236 32
908
303
970
966
792
3
770 253
394 474
196
313
492 80
210
829
177
341 55
588
767
682
630 525
271 31
964
115 131
820
141
429
746
174
585 928
186
27 617
411
728
460
874
349
619 818
73
509
989
823
170
850
182 813
951
788 952
687
448
378
165 510
839
453
330 793
478 15
784
747
605
439
409 324
698 443
340
111
944
776
413 373
515
314
871 424
520
296
901 861
121
25
150 716
222
614
860
885 587
629
546
278
376 40
357
807
327 188
955
597
983
342
606
445 53
18 288
504
26 58
502
36 432
