750
618 941
890
241
90
436
591
797 993
777
691
10 577
200 262
766
294
964
127
652
987
215 961
220
707
448
748
317
615 399
651 996
169 180
5
316
934 715
896
850
745
655
548 773
899
174
495 883
636 750
939
668 175
78
507
167
271 31
411
623
785
186
774 86
304 266
30 94
944
629
547 365
799
134 873
438 653
645
790
491
970
717 466
703 795
505
682
400
472
380
546
160 696
408 847
260
473
719
246 318
350 562
314
733
292
924
277
855
506
430
446
67 879
647
187
222
210
334
740 705
136
979 995
296
191 146
593
619 818
509
823
552 689
713
805 796
798 985
977 927
565
484 455
218 856
671
278
865
600 204
497
718
554
219
761
648
36 432
538
881 943
517 65
229
588
868 79
614
407 138
994
917
788 952
604
43
111
13
670 88
900
606
62
37 249
306 659
34
24
29
637 403
981 898
646
39
759 6
729
454 270
107
391
301
72 469
449 884
21
185 911
743
228
826
114 151
969
149
602
654
870
902 590
498 817
871 424
12 853
120
388 339
960 675
259 238
303
583 147
483
300
983
109
678
638
877
955
757
46 683
329
14
442
628 290
2 910
330 793
433
844
254
331 544
781 273
236 32
68 657
515
681 710
240
919 459
559
427 252
122
722
104 285
232
735 227
770 253
287
126 102
425
52 534
293
863
906
482 709
888
935
165 510
864
687
692
409 324
237 105
217
372 172
815
463
289 419
526
251
77
196
488
887
561
997
553 912
820
792
782 173
56
64 444
812
261
580 183
112
862 496
570
660 571
325
758 968
480
69 599
22
875
929 609
956 494
142
694
656
47 897
624 344
807
422 662
361
982 603
845
311
192
382 876
336 521
804
746
416
125
986
698 443
35
23
582 363
44 800
7
280 904
212
704
320
490 984
284
308
661 903
822
386 242
634 91
71 129
295 846
775
948
441
378
933
389
730
223 700
756
754
841 726
886
352
762 522
489
87
369
921
869
49 248
340
915 940
0 760
394 474
878
938
772
809
239
319
297 163
166
974 335
453
101 835
282
150 716
326
356
685 579
530
420
89
839
168 763
381
980 834
677
811
205
42
99 635
328
836
298
831
690
963
923
70
468
885 587
38
669
806 20
502
486
393
543 643
532
880
780
82 801
9
291 765
279
514
428 501
234 57
341 55
776
642
975
322 894
333
523 568
576
405 226
512 353
4
953 673
631 256
63
231 524
137 464
640
392 452
616
493
749 573
518 753
274
851
83
621
11
768
184
540
323
998
578 402
767
17
387
225
492 80
164
663
542 475
25
649
872 152
103
667
702
364
557
560
574
477
891 96
500
992
467
895
596
741
725
116 665
513 434
1
214 721
417 158
784
139
613
45
954
48
233
787
555
779
451
783 608
148
572 789
723
321 375
368 244
724
189
605
3
396
376 40
75
693
315
176
842
720 999
445 53
676 108
216
154
269 383
549
258
680
965 338
370
74
916 155
209
597
161 390
54 949
312
177
833 117
347
349
84 558
684 737
594
584
358
121
73
171 503
950
727
272
738
429
59 384
679
612 118
990 838
412
825 385
814 85
951
135
431
595 307
504
901 861
930 426
313
639
714 143
581 991
28
357
140
819
837 345
626
932 545
211
966
607 752
802
632 945
286
437 418
257 144
302
973 206
439
60
988 686
202
305
739
332
354
276
537 909
110
327 188
33
310 589
630 525
250 697
931
926
414 461
816 355
359 920
556
199 674
458 366
529 337
98
362
592
989
922
132
551
203
413 373
170
255
946 622
771
18 288
541
736
235
712
849
913
867
848
957 128
16
265
456
275
585 928
860
26 58
874
567
803
563 601
106
41
462
644
852
728
520
207 566
460
625 666
221 76
893
470 947
268
971
747
193
348
281
115 131
827
113
181
410 133
778
936
734
479
610
157 343
907
859
925
371 958
972
821
808 620
824 937
51 511
539
908
267
119 123
569
208
182 813
830
159
550
843
141
978
447 564
535 528
245
914
858 97
8 751
230
379
178
742
706
892 243
732
658
309
401 699
374
485
478 15
959
179
769 415
421
664 61
882 918
404
672
195 95
406
224 153
508
264 967
857 633
360
708
905
457
450
481 93
575
531
19
201
342
27 617
942
791
536
962
533
840 198
81
731 695
688
976
395 465
435
440
92
810 586
854
519
124 487
627
247
283
794 866
650
299
641
527 66
516
346
611
377
786
832 156
755
476 162
889
197
829
423
194
499
50
397
145
367
130 190
701 828
764
351
744 471
263 398
100
213
711 598
