750
457
829
379
871 424
421
631 256
287
19
472
289 419
219
680
414 461
400
769 415
456
374
103
616
561
24
278
120
291 765
946 622
431
261
951
232
26 58
100
786
731 695
516
988 686
354
576
638
222
744 471
63
973 206
832 156
495 883
245
810 586
956 494
127
485
994
741
437 418
200 262
893
840 198
440
858 97
178
498 817
370
82 801
135
368 244
210
785
394 474
371 958
279
559
258
745
966
646
824 937
732
1
350 562
492 80
535 528
5
515
895
611
454 270
668 175
309
423
725
936
486
972
606
874
259 238
142
208
648
216
41
294
211
830
746
196
594
121
159
517 65
820
435
734
509
197
274
592
512 353
478 15
891 96
513 434
112
925
499
757
12 853
439
654
553 912
591
600 204
814 85
833 117
45
193
816 355
819
448
361
164
971
23
914
764
405 226
964
518 753
10 577
642
386 242
530
965 338
901 861
430
149
905
46 683
807
845
497
111
784
624 344
885 587
391
854
231 524
451
588
378
77
636 750
632 945
130 190
317
712
693
630 525
27 617
649
165 510
484 455
543 643
730
684 737
931
441
888
299
621
870
36 432
733
671
563 601
634 91
641
134 873
672
357
470 947
148
42
970
267
944
514
106
857 633
277
364
924
678
667
145
583 147
986
552 689
575
607 752
570
837 345
565
650
409 324
3
436
396
596
110
960 675
25
652
728
939
722
826
612 118
549
325
851
714 143
742
428 501
533
869
161 390
255
247
836
656
286
981 898
881 943
982 603
639
67 879
547 365
174
681 710
72 469
711 598
604
29
637 403
788 952
49 248
71 129
935
237 105
578 402
691
387
330 793
761
766
449 884
177
990 838
445 53
950
107
284
831
978
957 128
272
323
280 904
685 579
852
310 589
73
298
979 995
863
304 266
447 564
585 928
729
50
311
974 335
202
843
75
932 545
48
141
809
701 828
892 243
862 496
13
467
736
687
506
332
124 487
803
682
293
408 847
70
98
14
959
228
480
975
185 911
168 763
523 568
360
822
382 876
520
500
8 751
774 86
240
64 444
613
859
670 88
167
777
934 715
844
171 503
799
170
0 760
998
340
312
450
493
969
526
584
531
546
126 102
942
433
821
477
802
775
346
271 31
209
21
747
416
921
743
805 796
83
199 674
658
460
295 846
380
770 253
679
481 93
463
930 426
842
38
490 984
69 599
43
482 709
538
779
772
938
644
882 918
160 696
39
868 79
194
556
519
677
367
11
841 726
919 459
388 339
425
47 897
922
529 337
550
201
963
314
987
476 162
527 66
169 180
54 949
329
664 61
442
235
406
328
574
718
908
438 653
59 384
179
488
191 146
265
263 398
410 133
720 999
792
109
593
980 834
929 609
320
181
7
900
628 290
704
878
275
794 866
771
104 285
797 993
791
651 996
798 985
536
610
962
483
717 466
276
660 571
9
473
395 465
56
815
362
87
392 452
865
205
698 443
614
690
719
321 375
489
397
989
992
758 968
308
555
301
491
640
767
917
626
187
283
762 522
257 144
890
136
468
195 95
560
326
427 252
595 307
333
647
812
157 343
268
886
848
119 123
808 620
184
99 635
541
207 566
446
923
933
997
33
706
537 909
347
316
166
35
623
855
913
334
331 544
627
412
113
92
203
708
336 521
723
154
114 151
735 227
505
569
81
783 608
860
322 894
300
926
2 910
602
214 721
581 991
78
319
724
52 534
839
983
954
462
948
251
615 399
417 158
502
790
739
749 573
404
694
597
756
916 155
458 366
727
313
849
60
215 961
776
189
132
4
282
676 108
150 716
34
348
349
116 665
605
867
827
16
669
889
692
239
296
68 657
572 789
234 57
582 363
780
413 373
618 941
182 813
356
755
703 795
759 6
246 318
823
411
306 659
225
407 138
192
872 152
557
389
915 940
393
479
825 385
137 464
342
30 94
254
539
223 700
341 55
778
44 800
250 697
221 76
17
850
297 163
125
875
359 920
303
453
906
551
230
292
806 20
84 558
804
224 153
260
508
281
139
376 40
377
213
507
229
748
429
233
625 666
781 273
37 249
351
74
702
241
327 188
217
567
369
269 383
880
955
218 856
663
754
540
977 927
22
504
302
140
645
532
887
101 835
422 662
89
953 673
629
548 773
655
864
236 32
877
381
358
212
768
740 705
787
619 818
18 288
554
401 699
186
688
580 183
738
122
28
315
713
899
907
542 475
352
661 903
811
782 173
115 131
372 172
51 511
420
176
305
62
902 590
90
976
896
707
220
264 967
