750
569
531
289 419
354
420
349
64 444
762 522
850
84 558
178
548 773
831
975
824 937
67 879
776
46 683
994
701 828
51 511
798 985
372 172
433
407 138
919 459
332
971
231 524
22
670 88
462
168 763
428 501
222
3
308
315
167
647
585 928
396
631 256
8 751
137 464
224 153
989
346
233
13
99 635
136
258
616
797 993
541
309
482 709
134 873
513 434
414 461
107
977 927
336 521
877
236 32
201
857 633
83
317
780
371 958
702
559
202
215 961
688
870
992
734
519
430
347
980 834
779
556
7
292
680
777
785
277
493
164
891 96
283
651 996
103
951
460
392 452
389
39
746
21
867
438 653
408 847
166
216
113
706
885 587
477
100
387
832 156
610
641
42
59 384
844
378
321 375
966
604
809
272
176
394 474
976
17
205
729
504
148
211
895
901 861
330 793
299
453
613
286
4
306 659
73
271 31
379
393
47 897
972
268
241
197
207 566
652
310 589
819
862 496
698 443
447 564
327 188
929 609
502
748
741
747
517 65
782 173
311
537 909
400
287
907
30 94
479
769 415
16
191 146
182 813
265
111
301
326
48
229
944
56
18 288
896
499
220
334
848
565
509
810 586
440
422 662
775
957 128
805 796
406
667
997
948
679
816 355
140
802
441
756
922
33
36 432
924
350 562
759 6
145
926
784
854
754
361
223 700
45
5
467
658
49 248
833 117
169 180
527 66
212
294
930 426
745
742
70
74
551
458 366
533
235
445 53
267
490 984
41
274
27 617
442
397
889
591
364
890
376 40
52 534
628 290
713
935
783 608
329
386 242
969
855
331 544
293
554
822
986
953 673
770 253
863
560
921
908
660 571
322 894
87
171 503
109
727
412
208
516
468
611
767
978
648
489
629
230
505
963
552 689
788 952
11
851
979 995
733
672
841 726
154
500
612 118
60
381
790
369
982 603
319
656
342
409 324
75
682
638
437 418
276
671
561
738
849
139
923
348
950
572 789
250 697
615 399
367
405 226
868 79
936
116 665
78
676 108
578 402
25
623
981 898
359 920
488
781 273
193
485
391
916 155
987
669
549
320
303
687
196
380
626
735 227
614
677
24
607 752
209
431
90
914
449 884
597
304 266
124 487
194
812
357
245
23
44 800
584
574
632 945
295 846
570
744 471
217
284
92
707
132
830
840 198
875
125
120
416
280 904
654
736
955
618 941
478 15
160 696
593
874
34
820
825 385
576
476 162
450
81
523 568
882 918
703 795
722
539
480
563 601
872 152
470 947
14
316
965 338
421
621
251
141
933
26 58
646
240
19
192
642
852
457
368 244
939
404
799
731 695
127
69 599
126 102
382 876
351
655
121
110
837 345
942
900
772
189
281
150 716
858 97
356
279
10 577
596
436
811
634 91
954
341 55
411
0 760
199 674
484 455
543 643
119 123
275
50
203
237 105
791
718
684 737
595 307
625 666
826
325
495 883
515
843
974 335
661 903
247
370
871 424
360
298
255
915 940
218 856
142
228
580 183
836
663
313
803
792
234 57
708
540
35
532
112
878
637 403
739
302
68 657
481 93
960 675
691
630 525
988 686
451
934 715
157 343
423
497
214 721
62
681 710
161 390
149
964
333
880
413 373
636 750
719
507
899
859
869
184
728
905
600 204
362
645
690
185 911
555
297 163
261
821
122
583 147
553 912
77
352
312
526
219
89
806 20
959
650
264 967
808 620
771
973 206
439
1
200 262
758 968
296
278
114 151
210
514
807
195 95
239
535 528
787
557
640
213
506
644
724
186
174
410 133
181
582 363
906
757
456
602
913
814 85
694
732
427 252
594
888
970
575
512 353
766
842
624 344
778
542 475
774 86
725
946 622
492 80
998
605
829
38
246 318
606
685 579
491
764
668 175
845
717 466
962
170
714 143
340
864
388 339
743
518 753
101 835
619 818
221 76
592
179
9
257 144
546
177
990 838
435
956 494
520
693
678
254
983
63
865
323
692
740 705
768
473
794 866
627
508
12 853
463
82 801
43
932 545
881 943
282
860
839
938
483
374
550
547 365
588
454 270
135
225
712
358
429
104 285
314
2 910
159
530
28
72 469
786
815
720 999
664 61
165 510
305
581 991
902 590
704
328
730
448
886
567
755
761
425
446
892 243
106
37 249
498 817
917
260
395 465
804
269 383
291 765
472
54 949
887
417 158
893
823
649
259 238
925
749 573
401 699
98
639
187
263 398
536
115 131
711 598
130 190
377
29
723
486
827
232
529 337
300
538
71 129
931
