750
770 253
68 657
348
414 461
638
529 337
22
287
279
858 97
334
870
806 20
572 789
427 252
60
837 345
165 510
433
329
881 943
281
189
569
723
584
321 375
470 947
410 133
745
442
411
224 153
641
477
268
831
560
978
446
8 751
447 564
11
672
776
863
646
821
17
251
331 544
457
186
263 398
150 716
930 426
33
115 131
780
805 796
192
301
333
916 155
919 459
125
215 961
717 466
191 146
771
303
994
618 941
391
651 996
650
71 129
327 188
356
981 898
867
731 695
597
741
316
30 94
732
712
685 579
718
523 568
779
376 40
103
848
168 763
661 903
585 928
435
354
955
959
407 138
824 937
169 180
346
201
372 172
110
319
698 443
548 773
901 861
159
517 65
887
313
907
986
380
559
693
460
509
216
101 835
100
489
351
976
142
933
4
74
275
505
670 88
178
298
395 465
374
462
145
13
69 599
600 204
512 353
980 834
59 384
200 262
218 856
864
56
111
214 721
966
602
926
449 884
616
551
207 566
924
292
387
957 128
467
498 817
680
221 76
420
257 144
719
769 415
902 590
823
72 469
400
217
440
463
783 608
116 665
89
825 385
370
51 511
274
964
309
364
504
483
627
83
320
26 58
886
393
974 335
729
317
819
220
749 573
640
436
593
792
754
740 705
439
565
286
413 373
944
148
791
409 324
836
484 455
542 475
199 674
997
891 96
5
555
177
107
431
19
229
499
888
631 256
405 226
979 995
772
203
820
596
382 876
706
539
247
742
195 95
472
973 206
756
764
915 940
917
305
516
625 666
816 355
423
1
48
261
92
678
352
473
428 501
389
233
839
240
518 753
743
591
857 633
219
254
925
24
855
272
330 793
27 617
807
358
350 562
171 503
728
181
81
54 949
592
605
939
408 847
536
758 968
508
438 653
182 813
113
39
733
634 91
613
833 117
222
295 846
506
850
971
184
872 152
369
45
340
642
296
694
935
535 528
12 853
854
210
606
840 198
135
379
626
557
77
397
998
877
109
267
892 243
794 866
10 577
832 156
614
479
668 175
844
691
938
176
704
401 699
416
491
803
232
104 285
124 487
951
929 609
785
677
78
0 760
134 873
513 434
412
802
664 61
962
988 686
624 344
744 471
225
417 158
14
739
368 244
808 620
127
160 696
49 248
166
122
636 750
582 363
862 496
611
98
906
141
526
265
260
725
282
308
549
766
556
234 57
827
878
963
950
360
543 643
896
35
865
921
245
241
875
208
761
323
702
954
2 910
302
953 673
197
637 403
684 737
87
16
448
362
519
588
852
576
167
341 55
969
64 444
983
647
629
810 586
239
948
502
537 909
561
645
312
632 945
913
9
236 32
478 15
212
965 338
987
21
934 715
946 622
563 601
656
29
520
703 795
185 911
707
531
552 689
738
486
972
67 879
708
871 424
607 752
775
36 432
679
727
44 800
63
890
278
687
106
990 838
746
481 93
454 270
570
429
437 418
720 999
960 675
574
648
297 163
623
361
786
713
757
849
25
628 290
692
357
550
300
977 927
767
658
490 984
845
114 151
931
3
755
885 587
843
421
538
283
82 801
982 603
922
328
139
258
422 662
255
932 545
495 883
7
553 912
660 571
829
809
149
830
604
923
231 524
84 558
811
90
711 598
667
377
735 227
18 288
895
759 6
140
381
237 105
112
174
41
488
798 985
314
164
644
914
908
130 190
797 993
663
777
453
315
480
276
736
956 494
649
567
450
179
655
250 697
714 143
578 402
430
500
291 765
669
264 967
277
126 102
235
396
349
157 343
294
119 123
615 399
547 365
187
594
690
304 266
514
230
228
388 339
406
50
75
46 683
193
724
630 525
889
701 828
688
73
621
468
213
652
367
456
42
476 162
121
259 238
43
161 390
882 918
497
425
120
325
970
194
583 147
851
311
868 79
530
62
289 419
322 894
47 897
842
900
515
788 952
154
37 249
774 86
748
271 31
546
639
359 920
815
799
619 818
451
378
507
874
812
860
768
869
730
899
445 53
681 710
394 474
610
392 452
787
826
527 66
778
326
762 522
554
671
23
342
532
99 635
347
814 85
747
942
202
722
404
246 318
841 726
136
205
196
880
784
34
170
682
580 183
293
211
284
132
52 534
893
989
492 80
299
458 366
371 958
441
936
540
905
485
804
336 521
790
482 709
38
781 273
612 118
822
280 904
306 659
70
332
676 108
575
782 173
581 991
386 242
859
493
541
975
654
28
992
137 464
269 383
533
595 307
310 589
223 700
209
734
