750
167
427 252
523 568
134 873
792
255
232
442
37 249
430
298
19
213
624 344
786
688
646
517 65
570
604
126 102
181
99 635
870
831
27 617
400
176
841 726
986
823
295 846
4
320
728
548 773
849
214 721
970
979 995
827
119 123
916 155
317
218 856
278
887
429
412
791
857 633
16
878
892 243
790
21
578 402
500
992
247
895
515
231 524
137 464
60
239
509
649
885 587
237 105
692
642
805 796
135
585 928
931
458 366
850
956 494
618 941
445 53
83
672
969
667
740 705
668 175
707
550
874
280 904
409 324
182 813
972
802
73
899
305
101 835
508
981 898
233
171 503
718
448
279
268
453
812
555
596
712
975
988 686
671
422 662
1
215 961
149
907
900
663
495 883
340
92
660 571
388 339
401 699
490 984
178
637 403
762 522
323
938
372 172
121
41
787
948
292
583 147
257 144
610
50
747
54 949
28
703 795
350 562
264 967
493
542 475
186
973 206
606
809
451
733
224 153
142
395 465
306 659
623
275
770 253
783 608
382 876
98
989
684 737
277
439
725
386 242
221 76
423
764
12 853
844
529 337
449 884
356
39
628 290
815
82 801
713
210
472
161 390
410 133
848
862 496
159
580 183
319
17
576
497
843
389
852
882 918
922
889
681 710
9
701 828
498 817
25
541
166
963
107
682
468
67 879
957 128
565
950
367
331 544
43
52 534
352
202
286
724
619 818
322 894
208
959
631 256
122
329
602
45
743
228
454 270
621
547 365
652
10 577
905
457
769 415
194
780
341 55
512 353
499
708
450
830
711 598
334
433
74
634 91
840 198
219
165 510
68 657
378
191 146
408 847
276
30 94
891 96
607 752
546
441
467
691
357
479
199 674
291 765
632 945
808 620
272
746
327 188
287
18 288
47 897
658
269 383
222
742
362
506
90
888
478 15
196
519
644
982 603
648
532
436
349
380
782 173
381
531
717 466
698 443
917
397
946 622
513 434
745
785
220
923
332
803
359 920
824 937
212
867
411
896
919 459
561
704
488
739
245
694
540
935
575
706
460
881 943
974 335
690
125
814 85
859
614
22
582 363
38
775
311
462
223 700
42
520
328
29
428 501
351
774 86
936
771
246 318
625 666
26 58
886
627
597
170
997
756
645
552 689
592
473
370
325
250 697
794 866
168 763
267
78
825 385
417 158
615 399
309
744 471
727
396
284
2 910
420
616
693
581 991
236 32
788 952
574
34
559
308
492 80
89
3
70
342
553 912
235
157 343
971
310 589
858 97
563 601
732
23
11
845
51 511
274
241
872 152
776
294
456
62
953 673
768
915 940
504
735 227
447 564
148
932 545
778
661 903
926
425
193
100
925
201
69 599
854
966
195 95
731 695
303
736
313
374
377
687
258
554
136
641
302
5
392 452
908
485
297 163
177
994
251
64 444
185 911
0 760
312
779
189
821
901 861
56
387
106
677
124 487
225
491
594
729
629
741
265
347
116 665
404
978
470 947
413 373
49 248
942
839
759 6
670 88
654
960 675
229
537 909
976
361
543 643
261
77
240
702
836
46 683
588
360
187
556
954
549
962
772
930 426
880
630 525
797 993
664 61
150 716
730
120
530
877
211
145
393
431
811
871 424
115 131
35
358
810 586
81
539
192
36 432
484 455
438 653
14
59 384
476 162
394 474
826
505
557
538
516
758 968
572 789
330 793
463
336 521
293
929 609
369
174
906
184
260
197
551
139
536
379
481 93
636 750
112
179
164
364
855
875
676 108
72 469
440
757
748
560
714 143
63
205
863
591
84 558
354
71 129
734
321 375
914
720 999
371 958
722
109
507
480
200 262
296
234 57
482 709
13
723
977 927
842
527 66
600 204
140
685 579
822
209
678
104 285
669
514
595 307
346
154
679
798 985
980 834
376 40
851
777
784
761
437 418
755
435
605
869
315
8 751
639
526
868 79
680
655
283
944
939
132
446
282
300
749 573
913
533
216
169 180
203
44 800
569
113
348
819
217
33
987
837 345
832 156
738
103
781 273
933
230
114 151
333
893
535 528
651 996
902 590
7
271 31
489
593
406
289 419
864
48
833 117
612 118
626
860
304 266
368 244
391
829
990 838
584
924
640
254
75
130 190
766
934 715
807
281
259 238
416
299
799
611
87
965 338
207 566
160 696
316
24
656
638
567
964
301
483
983
719
921
263 398
951
141
816 355
518 753
806 20
314
486
502
421
865
613
326
111
890
110
650
998
804
820
405 226
407 138
754
955
127
414 461
477
767
647
