750
272
448
538
54 949
34
13
197
868 79
246 318
56
882 918
570
121
704
115 131
478 15
888
552 689
872 152
986
116 665
182 813
812
438 653
52 534
780
231 524
389
202
260
982 603
454 270
367
724
627
439
176
896
563 601
871 424
364
906
161 390
437 418
369
381
10 577
2 910
706
346
718
62
265
149
334
621
836
280 904
576
73
881 943
702
72 469
64 444
746
422 662
127
323
527 66
864
326
228
963
932 545
276
408 847
282
200 262
523 568
934 715
654
787
532
377
754
785
976
638
379
157 343
310 589
966
292
508
46 683
640
29
971
729
810 586
140
513 434
677
45
446
405 226
978
859
768
387
899
610
305
877
974 335
588
301
979 995
809
820
596
626
125
492 80
259 238
413 373
672
358
592
134 873
268
289 419
460
880
926
316
748
892 243
300
235
257 144
831
481 93
777
938
794 866
150 716
406
593
526
533
536
485
201
245
36 432
394 474
203
669
48
130 190
111
247
81
885 587
678
330 793
692
287
784
714 143
594
840 198
110
33
100
491
851
184
735 227
546
47 897
815
595 307
655
711 598
625 666
782 173
917
747
505
356
561
250 697
136
283
78
889
893
254
16
484 455
642
646
895
539
321 375
878
382 876
148
320
581 991
264 967
839
440
207 566
18 288
731 695
658
417 158
799
451
921
269 383
914
30 94
758 968
825 385
99 635
778
611
368 244
185 911
923
613
477
352
371 958
186
49 248
574
410 133
841 726
973 206
667
222
3
520
804
652
453
489
409 324
537 909
195 95
124 487
712
224 153
676 108
336 521
916 155
591
497
141
597
87
468
791
531
797 993
221 76
944
959
302
430
779
167
114 151
832 156
981 898
84 558
313
965 338
757
179
219
770 253
445 53
824 937
639
225
629
679
962
901 861
60
106
822
811
27 617
347
722
988 686
429
239
421
488
349
486
924
551
357
181
862 496
433
650
733
279
423
401 699
220
372 172
772
759 6
647
378
436
556
476 162
297 163
565
21
255
296
694
490 984
875
860
887
299
44 800
311
169 180
869
462
107
348
854
361
953 673
790
805 796
90
192
392 452
194
295 846
404
447 564
120
850
89
618 941
284
83
559
707
671
902 590
196
656
22
187
442
972
212
989
948
412
500
771
354
275
922
730
786
214 721
342
516
237 105
554
518 753
954
816 355
304 266
713
291 765
792
905
808 620
126 102
845
122
852
112
969
463
649
858 97
819
540
634 91
767
507
630 525
331 544
351
396
154
964
670 88
498 817
164
232
230
278
530
560
483
907
849
936
529 337
867
691
199 674
293
728
319
555
132
41
213
783 608
374
42
998
70
435
583 147
680
119 123
166
441
950
575
397
23
548 773
619 818
472
913
495 883
68 657
607 752
217
427 252
798 985
814 85
762 522
874
38
425
857 633
829
550
955
698 443
340
236 32
506
240
541
223 700
886
322 894
251
788 952
420
994
69 599
400
688
113
393
480
848
312
74
1
826
174
101 835
732
742
951
990 838
519
509
802
719
648
171 503
470 947
306 659
37 249
473
43
327 188
930 426
241
687
891 96
428 501
261
960 675
376 40
234 57
98
211
165 510
274
431
271 31
744 471
0 760
823
774 86
987
12 853
504
929 609
17
314
543 643
160 696
637 403
286
915 940
720 999
493
931
7
258
50
170
827
457
933
616
135
63
668 175
341 55
628 290
743
766
77
685 579
51 511
682
359 920
303
329
567
39
177
900
837 345
210
919 459
761
547 365
612 118
865
821
350 562
104 285
585 928
569
178
980 834
636 750
333
514
803
855
512 353
843
205
542 475
388 339
298
584
28
830
380
663
890
863
25
660 571
19
572 789
769 415
467
925
549
308
781 273
708
723
755
332
946 622
604
844
623
103
606
267
749 573
775
977 927
5
328
168 763
82 801
449 884
208
942
833 117
807
776
362
8 751
502
193
14
690
578 402
277
693
229
499
315
717 466
139
458 366
215 961
386 242
614
4
764
736
727
71 129
414 461
9
407 138
740 705
645
159
309
939
370
59 384
35
970
456
957 128
703 795
191 146
997
325
263 398
557
450
870
602
317
615 399
482 709
142
137 464
553 912
605
738
684 737
641
479
294
661 903
741
11
582 363
983
956 494
580 183
360
734
26 58
651 996
975
664 61
908
216
411
209
189
739
67 879
416
806 20
75
842
725
756
517 65
631 256
535 528
218 856
681 710
701 828
92
24
624 344
935
992
644
515
745
109
395 465
145
233
632 945
391
281
600 204
