750
762 522
727
854
867
782 173
658
880
497
246 318
648
485
208
42
33
195 95
668 175
890
532
411
171 503
934 715
863
21
669
22
840 198
552 689
517 65
836
257 144
328
919 459
584
888
957 128
624 344
980 834
560
317
11
784
341 55
942
841 726
235
292
54 949
479
49 248
480
174
831
483
978
200 262
614
931
837 345
539
808 620
634 91
725
44 800
738
260
611
992
445 53
741
30 94
63
41
569
621
520
374
265
775
672
731 695
736
221 76
297 163
187
872 152
425
12 853
359 920
874
791
722
735 227
551
50
397
663
413 373
811
148
491
348
893
388 339
717 466
38
896
222
944
660 571
820
706
631 256
955
178
316
331 544
916 155
703 795
168 763
90
381
400
340
59 384
902 590
259 238
651 996
712
583 147
667
314
561
671
83
719
124 487
362
161 390
354
478 15
401 699
922
409 324
347
166
652
386 242
826
263 398
645
642
300
982 603
437 418
116 665
687
878
261
865
882 918
724
48
64 444
512 353
134 873
159
92
987
276
406
554
771
313
142
549
310 589
336 521
688
214 721
278
130 190
245
24
600 204
926
997
718
843
302
122
974 335
627
799
294
711 598
956 494
145
107
169 180
960 675
592
748
291 765
114 151
27 617
477
542 475
877
767
676 108
304 266
100
951
994
895
286
272
308
193
682
848
360
824 937
69 599
72 469
681 710
280 904
268
734
99 635
786
849
641
728
891 96
778
939
607 752
550
758 968
233
112
821
632 945
781 273
977 927
998
988 686
467
913
211
701 828
499
111
392 452
827
685 579
538
442
859
68 657
120
110
585 928
812
670 88
450
769 415
39
320
306 659
186
976
757
284
508
387
299
746
60
495 883
650
289 419
9
137 464
330 793
923
490 984
900
881 943
25
458 366
595 307
229
654
593
216
887
157 343
219
708
500
492 80
23
470 947
619 818
756
541
319
277
892 243
925
798 985
396
382 876
730
127
805 796
743
966
749 573
197
803
482 709
121
646
380
794 866
498 817
788 952
684 737
287
305
954
739
26 58
744 471
449 884
785
468
694
460
565
8 751
329
75
321 375
51 511
917
489
581 991
481 93
281
527 66
638
570
948
935
431
530
938
438 653
295 846
842
414 461
557
597
89
519
616
953 673
56
463
777
274
5
901 861
199 674
797 993
875
435
829
983
247
52 534
640
220
70
636 750
410 133
191 146
182 813
225
637 403
176
3
547 365
372 172
516
379
447 564
855
950
236 32
303
526
427 252
858 97
181
7
43
119 123
679
1
275
351
77
370
164
515
626
132
177
720 999
868 79
914
391
486
962
537 909
440
279
333
82 801
327 188
832 156
405 226
453
871 424
613
776
154
218 856
62
690
605
713
140
160 696
212
232
830
567
933
973 206
213
921
536
972
578 402
185 911
990 838
576
237 105
250 697
809
264 967
908
412
860
429
783 608
462
502
315
422 662
323
770 253
969
602
179
189
747
125
932 545
806 20
804
772
104 285
87
885 587
574
192
126 102
433
907
546
349
203
959
282
507
755
518 753
815
965 338
905
322 894
19
704
484 455
106
255
456
929 609
407 138
34
45
441
239
296
84 558
825 385
664 61
655
101 835
548 773
223 700
309
369
745
0 760
677
779
472
207 566
529 337
754
332
16
269 383
36 432
428 501
14
258
141
37 249
707
649
612 118
194
439
165 510
28
899
202
488
2 910
698 443
513 434
67 879
103
556
764
971
857 633
417 158
293
150 716
350 562
47 897
342
630 525
201
862 496
301
869
625 666
930 426
729
234 57
851
889
13
774 86
334
680
476 162
852
217
436
535 528
678
810 586
74
378
416
423
352
986
924
915 940
298
457
768
136
604
283
628 290
209
533
446
254
81
377
135
979 995
523 568
473
839
389
139
230
623
732
393
35
448
606
723
787
98
149
692
357
17
661 903
506
610
505
693
588
167
850
109
231 524
368 244
989
326
408 847
395 465
540
580 183
29
639
792
46 683
702
963
714 143
451
761
582 363
4
656
514
844
504
10 577
267
271 31
845
559
644
647
364
367
241
975
311
618 941
553 912
113
420
691
240
575
964
531
170
215 961
742
210
404
572 789
555
115 131
376 40
822
251
421
196
766
790
870
981 898
886
819
563 601
596
816 355
71 129
946 622
733
864
18 288
936
509
228
493
629
833 117
823
356
78
454 270
780
591
361
394 474
73
594
312
759 6
224 153
807
970
346
371 958
325
802
740 705
543 643
358
430
906
814 85
615 399
184
205
