750
168 763
4
815
615 399
766
72 469
951
733
167
971
364
744 471
330 793
437 418
764
435
822
745
636 750
648
575
664 61
868 79
849
371 958
291 765
946 622
63
554
45
926
814 85
293
274
87
895
513 434
597
637 403
220
770 253
160 696
576
407 138
305
200 262
348
257 144
107
777
692
771
676 108
960 675
725
585 928
433
140
954
7
621
994
830
727
650
530
326
322 894
831
631 256
549
349
196
127
445 53
649
997
517 65
932 545
278
28
386 242
184
679
860
632 945
902 590
468
669
690
18 288
467
810 586
704
966
931
297 163
634 91
10 577
784
157 343
892 243
956 494
46 683
106
557
950
277
179
60
832 156
543 643
720 999
233
240
604
774 86
628 290
125
921
612 118
900
734
677
504
376 40
515
887
423
964
236 32
438 653
463
563 601
729
62
359 920
458 366
14
641
292
149
284
327 188
51 511
869
560
431
298
529 337
2 910
668 175
171 503
660 571
409 324
300
681 710
651 996
845
130 190
287
436
607 752
389
261
824 937
837 345
181
112
851
36 432
394 474
205
134 873
939
268
67 879
935
584
73
829
582 363
441
978
542 475
301
514
623
944
17
871 424
736
429
5
470 947
225
392 452
135
580 183
187
735 227
341 55
923
454 270
688
222
708
509
170
823
500
913
915 940
481 93
48
457
387
43
119 123
308
596
989
906
778
317
578 402
216
397
505
976
280 904
872 152
899
790
352
23
207 566
836
304 266
215 961
332
24
507
294
192
969
283
267
840 198
177
462
655
880
896
889
217
334
986
214 721
644
747
916 155
788 952
886
670 88
354
34
698 443
361
855
101 835
323
114 151
201
535 528
447 564
508
483
52 534
368 244
37 249
988 686
74
82 801
484 455
977 927
420
197
219
919 459
115 131
176
425
499
482 709
492 80
275
567
430
372 172
64 444
772
864
218 856
888
532
748
731 695
120
618 941
49 248
194
671
26 58
255
938
605
440
807
574
486
161 390
809
776
914
811
680
799
210
195 95
645
374
531
769 415
357
973 206
185 911
208
336 521
625 666
724
792
417 158
583 147
408 847
547 365
794 866
804
164
113
446
739
286
321 375
124 487
825 385
518 753
780
276
842
33
478 15
948
232
755
281
169 180
819
982 603
520
99 635
30 94
854
391
917
972
258
694
717 466
165 510
592
378
203
246 318
19
428 501
199 674
684 737
922
610
312
325
380
702
174
1
142
656
311
647
658
593
122
245
211
299
885 587
271 31
272
594
451
502
581 991
11
908
456
936
69 599
89
411
103
148
758 968
756
890
839
611
92
891 96
382 876
239
857 633
493
714 143
805 796
421
78
414 461
881 943
962
279
370
639
314
182 813
626
712
404
719
561
930 426
315
875
132
693
83
251
512 353
820
250 697
154
320
980 834
526
477
797 993
381
706
741
661 903
213
254
209
476 162
905
302
231 524
193
346
406
740 705
536
742
264 967
953 673
672
998
808 620
638
965 338
754
933
263 398
630 525
728
328
600 204
556
595 307
44 800
843
783 608
139
867
990 838
12 853
848
235
553 912
126 102
260
806 20
870
798 985
413 373
654
779
473
768
427 252
137 464
730
865
241
442
8 751
746
360
347
221 76
701 828
826
448
351
527 66
552 689
29
41
224 153
412
202
342
713
488
519
602
767
416
309
934 715
782 173
569
787
439
396
145
329
959
541
47 897
77
159
166
619 818
316
350 562
506
9
189
812
667
340
963
369
572 789
3
38
70
646
296
313
259 238
957 128
974 335
538
27 617
882 918
537 909
877
844
803
640
785
367
109
393
212
859
22
711 598
992
136
743
732
39
150 716
230
786
400
955
54 949
410 133
21
68 657
624 344
516
616
480
121
802
472
229
306 659
50
0 760
191 146
925
401 699
722
703 795
453
749 573
893
111
858 97
540
479
841 726
591
498 817
663
310 589
942
761
388 339
718
975
379
827
90
816 355
833 117
548 773
687
642
178
565
862 496
265
551
987
42
850
16
757
627
358
970
295 846
685 579
356
863
738
289 419
333
450
707
759 6
100
539
75
781 273
570
25
489
723
901 861
84 558
56
460
559
533
13
497
555
678
237 105
59 384
234 57
775
924
614
691
550
377
490 984
613
247
35
907
878
983
495 883
223 700
395 465
762 522
929 609
282
852
491
652
110
362
979 995
422 662
629
141
588
303
449 884
319
606
228
821
98
791
874
546
485
523 568
981 898
269 383
104 285
331 544
116 665
186
405 226
81
682
71 129
