750
930 426
560
150 716
536
724
495 883
512 353
651 996
282
167
218 856
619 818
805 796
14
816 355
391
537 909
877
885 587
641
73
325
756
821
782 173
859
489
746
867
99 635
27 617
644
135
299
240
50
488
217
267
634 91
998
29
194
711 598
438 653
448
3
83
140
632 945
435
165 510
231 524
45
990 838
888
583 147
492 80
951
878
485
13
540
382 876
433
310 589
969
81
230
340
159
646
693
347
278
332
439
139
303
759 6
228
329
896
703 795
64 444
889
445 53
757
279
707
84 558
179
678
19
775
661 903
281
71 129
309
412
145
62
417 158
12 853
260
604
296
875
286
504
171 503
36 432
740 705
101 835
25
660 571
116 665
640
486
261
529 337
476 162
627
134 873
292
119 123
822
327 188
803
357
785
798 985
222
148
422 662
56
321 375
436
462
915 940
5
326
547 365
824 937
858 97
420
223 700
77
481 93
755
407 138
774 86
356
174
887
975
667
43
92
778
48
907
672
430
354
748
923
414 461
806 20
132
976
100
233
44 800
704
378
518 753
656
317
535 528
631 256
451
54 949
405 226
87
963
505
89
684 737
913
372 172
708
747
215 961
258
565
802
542 475
769 415
776
973 206
719
499
647
440
287
404
572 789
257 144
208
845
18 288
484 455
472
688
232
533
580 183
423
141
428 501
46 683
574
182 813
570
936
186
477
749 573
237 105
516
994
498 817
621
2 910
841 726
121
229
367
463
823
585 928
538
160 696
473
269 383
247
483
720 999
781 273
563 601
988 686
615 399
694
224 153
690
254
732
808 620
506
456
649
236 32
127
69 599
825 385
507
0 760
713
681 710
895
289 419
743
320
23
922
11
819
111
539
546
304 266
124 487
712
758 968
624 344
7
136
581 991
804
717 466
658
799
388 339
387
933
255
468
319
185 911
532
926
682
122
112
676 108
359 920
380
342
349
862 496
313
702
639
891 96
638
178
441
351
592
831
39
554
950
280 904
211
519
839
556
741
977 927
957 128
929 609
848
103
553 912
161 390
207 566
293
723
738
794 866
655
33
169 180
791
593
691
899
68 657
413 373
264 967
75
189
395 465
368 244
731 695
509
126 102
517 65
881 943
195 95
331 544
392 452
629
454 270
490 984
191 146
323
210
291 765
679
187
38
905
297 163
959
670 88
72 469
600 204
784
192
193
70
868 79
429
460
921
330 793
855
482 709
271 31
371 958
376 40
272
431
263 398
389
386 242
729
234 57
874
836
850
219
637 403
956 494
766
497
437 418
17
302
880
960 675
268
576
520
130 190
567
300
470 947
979 995
401 699
725
10 577
425
787
479
992
527 66
177
671
400
90
860
966
523 568
942
352
52 534
761
594
872 152
552 689
739
742
980 834
106
199 674
200 262
628 290
953 673
109
687
241
892 243
82 801
246 318
8 751
550
924
762 522
526
935
970
730
596
250 697
744 471
931
642
453
591
154
374
59 384
348
42
276
569
49 248
314
197
602
284
826
797 993
358
369
114 151
829
597
974 335
168 763
408 847
541
840 198
500
328
770 253
220
939
768
986
502
833 117
110
557
685 579
978
962
409 324
790
543 643
67 879
555
788 952
812
714 143
754
379
792
965 338
830
336 521
176
680
669
149
306 659
125
914
513 434
616
857 633
406
416
809
316
645
9
166
718
623
901 861
478 15
613
851
209
578 402
946 622
346
283
648
863
295 846
844
559
202
308
934 715
491
157 343
948
275
607 752
745
605
63
664 61
312
24
442
837 345
350 562
251
411
239
625 666
777
549
394 474
706
203
783 608
728
722
954
298
611
842
294
701 828
971
654
650
104 285
364
457
530
987
989
886
205
305
771
221 76
493
890
630 525
610
677
902 590
827
137 464
213
26 58
849
393
181
22
216
982 603
21
449 884
736
735 227
341 55
938
614
60
34
588
265
410 133
854
832 156
810 586
772
1
447 564
4
843
919 459
882 918
113
315
235
618 941
467
983
421
997
636 750
311
225
852
458 366
865
360
277
582 363
767
107
450
932 545
196
377
446
807
35
381
981 898
917
626
115 131
361
871 424
333
201
870
955
396
584
551
16
259 238
606
869
811
28
698 443
164
764
51 511
480
964
864
814 85
41
820
652
515
548 773
370
906
815
214 721
362
668 175
142
30 94
972
274
780
78
334
916 155
575
184
37 249
734
427 252
908
900
944
595 307
120
786
245
531
74
98
561
663
612 118
925
170
322 894
733
47 897
692
397
893
514
301
508
212
779
727
