750
532
960 675
651 996
512 353
857 633
514
209
222
483
38
69 599
428 501
938
781 273
29
236 32
756
845
978
843
10 577
574
901 861
889
282
629
451
456
421
438 653
994
798 985
632 945
812
966
604
295 846
614
179
757
14
305
99 635
169 180
979 995
92
489
825 385
926
974 335
8 751
241
350 562
596
647
112
851
389
441
401 699
508
914
630 525
836
357
34
645
733
626
98
908
997
311
951
203
268
872 152
638
413 373
550
917
593
372 172
261
48
232
356
625 666
301
956 494
790
251
637 403
439
535 528
351
881 943
671
457
749 573
427 252
211
437 418
150 716
815
25
582 363
193
124 487
134 873
864
405 226
491
225
499
973 206
704
755
661 903
393
663
880
807
837 345
607 752
619 818
976
893
181
320
406
642
641
507
309
430
783 608
276
41
166
267
714 143
191 146
855
442
711 598
744 471
821
819
791
971
493
184
44 800
319
670 88
160 696
824 937
987
810 586
477
556
159
462
580 183
218 856
636 750
691
975
899
578 402
804
655
942
610
735 227
187
126 102
216
473
730
885 587
515
316
742
576
140
397
552 689
500
948
130 190
634 91
736
822
891 96
269 383
19
640
111
717 466
595 307
436
381
646
682
358
165 510
964
260
101 835
0 760
229
688
2 910
746
171 503
207 566
23
77
729
741
294
892 243
685 579
423
245
557
224 153
37 249
498 817
352
702
110
87
271 31
509
480
787
887
747
73
758 968
962
652
875
583 147
761
449 884
454 270
906
769 415
767
369
919 459
739
664 61
141
870
707
684 737
45
658
863
980 834
360
113
310 589
656
313
517 65
615 399
400
470 947
334
869
925
831
272
759 6
529 337
114 151
738
988 686
827
811
22
291 765
116 665
859
654
537 909
734
431
106
109
27 617
60
823
197
778
776
934 715
75
458 366
748
694
923
280 904
304 266
621
922
71 129
728
246 318
957 128
78
136
788 952
446
50
924
867
346
189
325
47 897
921
792
328
840 198
376 40
340
606
178
67 879
17
348
745
718
555
392 452
959
62
388 339
565
51 511
540
414 461
467
803
703 795
740 705
931
502
799
370
826
858 97
915 940
668 175
448
308
768
298
809
331 544
237 105
660 571
594
411
896
417 158
611
377
447 564
254
890
215 961
137 464
805 796
549
167
404
329
416
170
296
212
265
196
782 173
720 999
913
708
681 710
342
865
706
874
539
36 432
766
168 763
13
808 620
990 838
495 883
771
100
387
650
802
235
396
279
202
410 133
530
930 426
312
687
935
478 15
68 657
200 262
472
394 474
195 95
902 590
54 949
192
297 163
81
649
274
164
303
39
74
277
42
4
616
816 355
199 674
505
326
382 876
944
519
300
89
208
11
886
289 419
107
132
9
785
820
161 390
7
321 375
354
479
722
306 659
26 58
64 444
28
527 66
314
380
115 131
950
504
536
605
228
125
992
435
213
332
754
553 912
395 465
230
955
713
520
588
56
842
482 709
72 469
440
878
176
852
323
676 108
533
488
907
977 927
774 86
292
122
982 603
278
895
560
205
240
563 601
186
669
551
90
841 726
570
409 324
698 443
860
624 344
104 285
518 753
814 85
692
780
628 290
315
492 80
932 545
905
542 475
701 828
59 384
157 343
135
981 898
359 920
341 55
16
220
613
784
546
347
877
679
486
882 918
806 20
516
286
223 700
386 242
581 991
327 188
572 789
379
121
644
33
299
174
623
779
239
234 57
850
538
201
445 53
275
293
849
490 984
618 941
965 338
407 138
349
425
989
602
775
84 558
259 238
408 847
139
5
732
972
631 256
429
953 673
330 793
543 643
575
194
693
677
391
667
584
916 155
854
127
678
526
559
362
591
361
35
772
43
70
868 79
983
970
986
177
145
680
264 967
364
506
185 911
848
719
257 144
49 248
221 76
30 94
933
317
839
283
963
485
648
476 162
119 123
24
258
770 253
969
468
797 993
888
830
484 455
929 609
82 801
333
154
600 204
217
548 773
287
250 697
46 683
513 434
829
322 894
378
725
731 695
946 622
453
302
149
18 288
412
63
120
12 853
219
420
497
612 118
724
764
281
832 156
862 496
210
371 958
523 568
597
592
368 244
777
727
786
561
712
182 813
639
939
52 534
833 117
567
255
83
374
936
450
871 424
142
422 662
998
547 365
743
541
367
1
481 93
233
247
148
263 398
531
900
463
690
460
762 522
214 721
954
723
554
3
794 866
284
103
433
569
844
21
585 928
231 524
627
336 521
672
