750
305
787
297 163
303
237 105
124 487
446
606
137 464
595 307
723
371 958
90
19
638
766
425
798 985
783 608
811
34
367
669
289 419
463
430
600 204
516
770 253
714 143
891 96
881 943
771
106
618 941
611
540
351
199 674
82 801
743
717 466
570
885 587
78
458 366
279
376 40
507
889
302
698 443
341 55
326
616
255
92
41
810 586
491
860
875
267
962
630 525
756
919 459
830
396
583 147
215 961
500
258
504
354
850
478 15
915 940
197
969
777
660 571
30 94
149
109
456
982 603
932 545
867
762 522
358
74
569
806 20
641
210
219
767
992
594
211
447 564
625 666
820
672
890
214 721
134 873
580 183
83
734
749 573
901 861
224 153
301
286
523 568
395 465
802
212
460
336 521
44 800
322 894
923
423
778
359 920
312
852
492 80
340
730
535 528
394 474
462
81
217
127
592
988 686
245
107
719
457
319
651 996
397
21
971
294
313
539
409 324
284
283
983
379
370
735 227
555
954
966
327 188
495 883
851
989
386 242
442
427 252
738
803
192
259 238
591
981 898
667
433
725
712
299
194
877
584
493
70
126 102
220
874
257 144
526
160 696
746
278
119 123
561
512 353
664 61
391
269 383
52 534
978
77
62
50
543 643
581 991
706
864
823
470 947
948
157 343
517 65
959
8 751
872 152
790
963
808 620
0 760
454 270
47 897
547 365
938
772
436
878
814 85
668 175
615 399
640
29
775
287
261
413 373
179
154
870
357
895
761
536
295 846
263 398
408 847
786
839
865
250 697
272
893
998
650
990 838
195 95
637 403
43
45
899
213
647
634 91
565
924
2 910
293
960 675
560
849
731 695
724
334
330 793
652
480
607 752
654
794 866
729
311
274
681 710
329
728
497
393
531
453
926
467
26 58
588
741
139
300
280 904
997
758 968
56
225
502
169 180
437 418
189
745
203
701 828
450
687
632 945
174
296
485
950
428 501
228
441
191 146
64 444
314
685 579
406
240
508
976
953 673
656
578 402
755
655
868 79
346
9
132
505
16
576
135
702
476 162
247
13
827
977 927
388 339
141
223 700
27 617
776
663
193
740 705
321 375
208
612 118
121
323
222
679
309
498 817
781 273
822
529 337
387
916 155
921
25
422 662
364
59 384
479
378
832 156
930 426
914
585 928
677
648
520
841 726
73
159
842
934 715
187
939
917
99 635
120
499
804
421
519
400
48
882 918
684 737
792
136
747
201
836
843
11
815
18 288
361
484 455
515
412
414 461
489
597
265
115 131
235
166
574
604
177
275
797 993
24
722
196
907
690
575
857 633
720 999
202
692
736
451
862 496
435
3
816 355
858 97
438 653
957 128
417 158
291 765
649
332
184
554
281
972
49 248
661 903
764
546
807
964
780
979 995
567
624 344
506
532
713
602
276
671
176
271 31
639
328
799
774 86
112
733
742
537 909
902 590
205
110
530
925
658
732
610
892 243
703 795
389
824 937
718
104 285
315
809
688
161 390
550
636 750
22
619 818
36 432
929 609
33
670 88
538
552 689
75
880
748
231 524
975
707
420
356
826
708
401 699
859
888
593
473
557
782 173
980 834
946 622
372 172
130 190
791
350 562
234 57
165 510
39
382 876
482 709
236 32
23
694
54 949
429
352
439
12 853
900
392 452
122
150 716
209
490 984
542 475
233
381
845
410 133
407 138
942
626
788 952
974 335
448
833 117
140
970
922
171 503
411
246 318
472
282
955
449 884
38
4
405 226
646
559
145
116 665
759 6
5
986
514
306 659
553 912
342
676 108
769 415
440
113
935
167
931
264 967
331 544
680
840 198
310 589
572 789
254
316
629
744 471
72 469
380
298
863
527 66
704
374
642
805 796
292
513 434
431
896
605
549
848
936
779
347
232
965 338
582 363
377
404
682
14
216
906
551
533
627
69 599
239
518 753
218 856
46 683
348
477
563 601
486
230
260
10 577
349
114 151
320
711 598
987
944
101 835
325
509
60
613
645
905
142
913
631 256
71 129
854
757
63
178
416
207 566
784
855
84 558
468
548 773
887
831
829
785
628 290
488
182 813
483
317
268
200 262
956 494
168 763
844
825 385
481 93
869
7
51 511
28
103
185 911
68 657
691
812
251
908
221 76
678
111
42
739
644
37 249
837 345
623
768
304 266
819
871 424
98
994
333
541
369
614
951
754
1
596
100
821
125
556
67 879
89
229
181
164
886
241
277
186
621
87
973 206
368 244
35
170
693
933
360
362
727
148
308
17
445 53
