750
593
798 985
325
845
840 198
822
468
213
595 307
477
914
446
691
833 117
775
885 587
901 861
287
956 494
769 415
64 444
613
81
982 603
141
628 290
839
460
275
313
126 102
690
160 696
374
660 571
283
484 455
891 96
400
987
535 528
334
850
978
257 144
207 566
192
555
906
986
792
11
575
301
441
132
177
717 466
317
942
263 398
672
291 765
896
811
103
405 226
772
989
799
614
302
539
554
702
624 344
612 118
16
293
425
908
145
921
268
12 853
110
225
26 58
33
42
755
319
371 958
404
720 999
794 866
637 403
529 337
929 609
279
500
966
771
8 751
56
174
401 699
868 79
745
87
21
295 846
731 695
394 474
646
505
546
549
711 598
106
421
644
770 253
201
932 545
880
807
241
645
785
962
406
913
881 943
588
433
741
286
580 183
52 534
379
844
576
758 968
240
548 773
915 940
900
296
605
250 697
121
969
550
369
114 151
277
360
871 424
326
323
171 503
342
315
776
364
863
882 918
938
208
203
186
454 270
578 402
733
67 879
194
964
685 579
607 752
859
547 365
450
557
119 123
22
347
693
924
560
28
907
504
396
650
736
223 700
169 180
376 40
606
983
331 544
806 20
829
631 256
72 469
43
973 206
651 996
781 273
489
864
655
791
164
23
508
442
569
492 80
634 91
367
855
235
44 800
788 952
857 633
499
708
381
391
292
481 93
92
787
370
222
582 363
977 927
149
816 355
45
387
329
430
282
762 522
887
348
778
274
722
350 562
437 418
960 675
663
639
234 57
725
552 689
60
346
810 586
237 105
972
597
467
161 390
34
936
926
314
688
217
875
62
312
37 249
919 459
297 163
718
730
703 795
531
272
436
584
321 375
888
743
719
389
281
777
113
757
267
858 97
694
895
157 343
825 385
862 496
669
997
413 373
139
24
667
849
824 937
592
877
36 432
220
540
917
759 6
357
681 710
610
518 753
361
30 94
841 726
627
411
976
851
684 737
109
483
902 590
38
14
59 384
533
382 876
200 262
878
698 443
280 904
742
181
761
316
541
498 817
974 335
470 947
239
354
140
182 813
216
946 622
680
330 793
303
195 95
120
456
893
416
630 525
310 589
83
189
591
905
819
837 345
749 573
734
954
615 399
388 339
298
414 461
948
517 65
299
832 156
870
49 248
165 510
380
71 129
490 984
890
756
641
804
950
636 750
623
4
656
596
395 465
25
75
935
482 709
142
130 190
137 464
168 763
992
971
774 86
621
670 88
629
124 487
255
463
84 558
427 252
453
358
561
3
632 945
78
193
185 911
933
368 244
320
211
826
732
812
259 238
159
738
768
224 153
671
981 898
869
420
527 66
754
802
485
392 452
647
306 659
304 266
994
821
438 653
536
236 32
179
7
706
134 873
889
107
13
327 188
925
934 715
916 155
642
230
848
218 856
951
311
892 243
29
410 133
842
988 686
247
975
70
679
514
563 601
616
805 796
783 608
748
944
990 838
766
362
808 620
565
648
205
520
229
278
9
654
618 941
507
692
493
407 138
701 828
101 835
457
251
170
289 419
431
537 909
269 383
506
184
73
626
830
707
676 108
202
440
264 967
939
865
17
258
714 143
581 991
136
322 894
77
46 683
150 716
922
1
352
0 760
228
677
495 883
899
497
860
69 599
112
854
50
523 568
867
729
664 61
35
429
515
423
462
386 242
682
68 657
809
115 131
570
332
831
199 674
513 434
219
99 635
122
349
209
111
574
116 665
308
51 511
600 204
19
687
638
372 172
336 521
516
356
63
530
191 146
532
872 152
127
305
814 85
294
449 884
923
619 818
970
18 288
54 949
723
509
827
125
27 617
959
704
567
397
98
260
221 76
874
232
428 501
724
823
931
261
602
658
148
210
187
215 961
979 995
963
333
790
409 324
447 564
284
556
254
166
458 366
998
764
328
820
486
476 162
196
231 524
668 175
852
585 928
735 227
435
930 426
10 577
472
246 318
551
233
744 471
47 897
678
780
276
491
478 15
779
886
797 993
422 662
393
572 789
542 475
611
488
265
553 912
559
178
39
214 721
652
843
502
649
713
104 285
727
957 128
417 158
583 147
439
980 834
479
740 705
519
300
245
955
167
625 666
89
2 910
451
836
340
100
786
747
271 31
526
543 643
41
712
784
309
5
512 353
351
377
594
197
538
640
965 338
212
953 673
803
176
728
82 801
48
359 920
739
378
412
604
448
767
341 55
746
782 173
480
473
74
90
408 847
661 903
135
154
445 53
815
