750
964
208
257 144
311
321 375
268
89
537 909
16
857 633
805 796
862 496
272
890
865
176
305
45
672
687
809
120
185 911
775
174
87
951
848
533
642
523 568
251
178
777
74
294
578 402
880
484 455
275
107
626
168 763
946 622
849
505
231 524
554
347
386 242
417 158
872 152
749 573
779
538
874
690
195 95
651 996
517 65
429
833 117
948
433
893
83
320
72 469
744 471
341 55
430
349
52 534
806 20
547 365
652
663
35
379
892 243
732
570
768
30 94
581 991
382 876
480
309
914
217
830
837 345
287
405 226
232
437 418
12 853
145
661 903
974 335
202
247
863
546
762 522
604
9
304 266
84 558
840 198
404
467
518 753
735 227
101 835
38
854
901 861
207 566
492 80
619 818
706
972
200 262
499
615 399
656
855
64 444
446
454 270
820
989
240
594
489
336 521
698 443
352
368 244
618 941
42
98
462
313
822
391
267
150 716
639
992
784
658
281
975
62
539
323
167
776
960 675
821
381
201
645
746
905
215 961
211
413 373
51 511
886
630 525
977 927
798 985
5
205
955
397
21
393
260
824 937
963
921
300
132
623
781 273
325
868 79
22
899
37 249
767
460
959
924
370
670 88
310 589
772
427 252
930 426
332
219
297 163
648
360
646
944
11
2 910
738
470 947
869
755
575
965 338
269 383
878
377
392 452
823
980 834
71 129
778
906
121
516
113
956 494
224 153
333
655
395 465
583 147
519
212
77
919 459
990 838
39
44 800
757
640
500
230
59 384
237 105
997
858 97
606
408 847
711 598
787
680
78
597
18 288
246 318
358
770 253
301
127
476 162
816 355
19
292
691
931
555
326
3
938
13
541
389
867
306 659
316
560
551
569
973 206
278
815
187
953 673
782 173
814 85
730
527 66
472
139
495 883
340
580 183
4
552 689
731 695
330 793
584
423
761
887
740 705
362
258
29
596
137 464
229
802
934 715
792
43
60
259 238
106
364
529 337
933
422 662
104 285
585 928
450
908
641
506
100
644
756
274
986
713
654
411
14
490 984
616
159
406
542 475
926
493
513 434
983
498 817
902 590
407 138
727
766
41
649
46 683
885 587
328
17
286
588
255
693
388 339
764
449 884
565
192
456
468
504
704
725
342
669
567
825 385
401 699
348
439
514
891 96
671
357
969
263 398
99 635
299
92
394 474
177
512 353
717 466
600 204
435
502
213
678
771
895
82 801
900
976
827
684 737
888
913
712
520
282
736
125
925
970
26 58
549
410 133
372 172
315
916 155
758 968
170
302
10 577
271 31
508
479
420
73
298
350 562
966
134 873
329
509
629
812
875
75
482 709
935
276
722
356
790
540
191 146
280 904
536
664 61
241
780
261
612 118
613
182 813
322 894
677
859
532
574
196
851
380
236 32
283
681 710
451
291 765
351
477
632 945
843
559
625 666
774 86
714 143
692
929 609
142
194
915 940
592
676 108
67 879
595 307
852
917
971
317
627
448
7
114 151
728
871 424
638
463
694
610
561
412
254
797 993
624 344
831
576
826
478 15
922
1
950
685 579
279
440
531
327 188
743
68 657
421
216
870
222
225
748
882 918
593
63
184
228
497
445 53
197
220
688
48
136
491
135
682
378
808 620
28
112
759 6
124 487
754
295 846
628 290
978
154
864
414 461
81
250 697
27 617
981 898
171 503
277
70
436
819
346
210
126 102
234 57
807
416
387
563 601
982 603
218 856
199 674
481 93
998
457
988 686
550
265
841 726
235
245
839
660 571
957 128
223 700
193
400
24
441
49 248
860
794 866
923
634 91
165 510
486
376 40
111
788 952
56
303
181
535 528
369
54 949
334
33
877
354
636 750
189
783 608
8 751
164
936
90
637 403
319
723
515
116 665
572 789
836
939
367
556
994
631 256
741
431
36 432
703 795
203
214 721
747
785
169 180
679
157 343
186
122
811
850
702
668 175
179
701 828
239
359 920
141
582 363
166
607 752
34
284
979 995
729
718
708
602
453
667
745
829
734
458 366
614
733
110
803
293
47 897
103
526
832 156
591
425
804
557
361
553 912
371 958
50
209
409 324
442
331 544
221 76
264 967
954
791
810 586
742
308
428 501
0 760
548 773
720 999
115 131
485
149
650
621
707
438 653
23
845
396
799
507
530
473
719
314
312
987
647
605
543 643
844
447 564
119 123
842
724
289 419
907
148
296
889
130 190
932 545
109
962
942
374
786
488
896
483
739
611
161 390
881 943
140
160 696
233
69 599
25
769 415
