750
637 403
550
416
824 937
816 355
103
127
693
597
132
215 961
742
328
832 156
247
323
841 726
2 910
548 773
12 853
460
664 61
572 789
397
309
963
929 609
330 793
293
730
723
260
923
691
467
104 285
71 129
989
803
420
186
893
421
45
34
814 85
629
638
484 455
378
892 243
446
770 253
169 180
908
850
54 949
234 57
210
806 20
441
30 94
931
11
115 131
647
237 105
764
400
431
509
593
556
734
77
854
829
386 242
719
523 568
844
641
264 967
265
678
915 940
259 238
551
164
977 927
483
236 32
526
882 918
116 665
139
479
842
868 79
283
905
303
280 904
736
114 151
859
682
120
692
106
992
230
650
229
166
885 587
872 152
197
684 737
809
529 337
311
950
49 248
67 879
863
29
296
735 227
498 817
92
99 635
516
410 133
136
724
656
530
888
788 952
371 958
739
308
200 262
101 835
499
224 153
778
28
537 909
706
660 571
47 897
857 633
988 686
745
922
606
826
588
201
916 155
258
787
728
212
463
246 318
4
804
694
767
50
485
449 884
783 608
362
962
625 666
395 465
561
176
919 459
874
316
193
453
231 524
785
749 573
205
667
250 697
864
436
486
279
887
565
563 601
513 434
830
567
456
596
605
823
913
326
631 256
948
518 753
981 898
933
22
987
292
741
476 162
254
154
668 175
955
161 390
580 183
340
125
557
848
624 344
121
782 173
408 847
640
791
272
718
98
240
906
541
327 188
407 138
755
645
111
356
959
354
508
7
364
600 204
867
740 705
870
69 599
448
433
110
549
488
822
514
36 432
661 903
43
178
322 894
569
267
944
401 699
423
0 760
468
18 288
869
380
438 653
886
263 398
216
807
720 999
538
329
9
965 338
825 385
500
17
914
794 866
649
179
877
429
502
406
899
341 55
462
935
379
5
679
168 763
871 424
733
531
880
135
942
827
505
701 828
860
769 415
676 108
663
255
360
891 96
542 475
819
310 589
457
926
219
427 252
213
14
46 683
990 838
613
333
122
581 991
113
268
930 426
352
546
194
714 143
727
618 941
376 40
799
969
313
35
627
575
607 752
160 696
141
297 163
191 146
839
585 928
725
843
409 324
64 444
552 689
777
792
533
251
233
925
317
202
504
157 343
497
481 93
368 244
634 91
392 452
59 384
405 226
932 545
357
722
924
704
3
389
901 861
970
655
209
703 795
382 876
277
560
388 339
858 97
890
779
75
831
669
707
921
652
594
712
570
979 995
515
784
306 659
482 709
454 270
185 911
642
936
582 363
241
301
199 674
688
614
159
762 522
554
975
148
174
810 586
294
142
286
939
713
559
218 856
506
78
811
507
394 474
287
798 985
331 544
342
140
348
654
74
757
680
768
776
137 464
60
44 800
917
220
232
584
744 471
72 469
13
239
281
670 88
960 675
583 147
145
63
207 566
772
321 375
82 801
480
626
42
437 418
677
181
38
687
555
946 622
938
595 307
492 80
19
756
417 158
325
612 118
574
23
351
73
413 373
619 818
535 528
766
493
387
315
477
934 715
149
957 128
780
954
875
517 65
628 290
275
781 273
532
412
837 345
126 102
761
451
746
257 144
211
698 443
70
222
786
470 947
361
299
33
26 58
305
312
821
177
976
192
540
878
278
978
87
966
495 883
170
632 945
203
490 984
855
372 172
623
1
690
167
833 117
815
907
21
980 834
732
130 190
25
743
602
775
319
442
81
425
982 603
430
435
711 598
636 750
411
370
295 846
269 383
738
630 525
973 206
865
972
217
576
774 86
150 716
37 249
543 643
852
359 920
404
685 579
671
971
953 673
896
396
889
62
983
8 751
812
491
771
24
808 620
16
422 662
56
802
302
512 353
458 366
790
349
610
729
320
68 657
748
51 511
100
591
27 617
284
717 466
758 968
291 765
862 496
367
621
109
616
845
134 873
276
374
450
90
89
414 461
124 487
472
759 6
208
393
604
974 335
644
10 577
994
536
998
489
527 66
708
84 558
747
184
271 31
334
445 53
381
902 590
658
900
289 419
182 813
112
428 501
578 402
107
611
171 503
956 494
48
332
997
951
228
805 796
553 912
261
895
702
214 721
221 76
797 993
754
41
592
223 700
119 123
347
336 521
195 95
646
547 365
447 564
304 266
615 399
83
189
350 562
672
881 943
274
651 996
836
245
300
520
851
648
377
473
849
196
681 710
369
639
440
187
298
391
539
519
840 198
52 534
478 15
731 695
439
235
39
346
314
986
964
165 510
820
225
358
282
