750
44 800
395 465
651 996
708
636 750
546
832 156
703 795
578 402
277
491
341 55
613
350 562
393
114 151
597
14
185 911
36 432
746
425
782 173
272
926
755
427 252
311
581 991
580 183
552 689
844
377
841 726
109
49 248
992
274
582 363
223 700
975
823
179
576
24
314
351
572 789
850
4
453
764
333
447 564
68 657
645
668 175
136
111
771
261
889
690
473
347
791
302
667
784
625 666
265
965 338
826
52 534
38
886
468
809
588
860
872 152
837 345
364
50
134 873
980 834
777
478 15
414 461
357
513 434
202
780
517 65
810 586
767
806 20
309
836
962
989
406
887
906
621
772
685 579
101 835
939
821
677
536
712
203
330 793
340
8 751
733
148
196
728
431
313
900
254
986
495 883
820
480
981 898
723
634 91
214 721
612 118
342
397
899
84 558
959
982 603
361
368 244
731 695
215 961
308
929 609
553 912
512 353
500
216
714 143
740 705
47 897
484 455
187
245
557
632 945
676 108
378
936
409 324
671
540
719
938
863
888
702
200 262
160 696
359 920
142
768
785
997
405 226
908
263 398
90
69 599
75
125
948
881 943
944
442
428 501
448
641
192
555
141
389
698 443
412
854
239
680
113
738
827
328
647
422 662
454 270
974 335
865
1
417 158
164
336 521
492 80
298
499
520
326
260
595 307
783 608
902 590
870
407 138
35
596
396
436
463
217
925
489
73
209
458 366
895
792
720 999
882 918
950
327 188
250 697
282
356
849
655
283
514
157 343
549
457
942
18 288
650
816 355
312
315
748
404
626
387
682
119 123
371 958
240
515
574
130 190
951
642
182 813
803
46 683
176
541
891 96
804
990 838
132
762 522
531
749 573
54 949
869
48
268
166
905
537 909
110
551
421
388 339
819
585 928
583 147
858 97
732
299
874
2 910
71 129
433
10 577
472
184
87
851
294
734
329
460
591
135
530
561
629
221 76
954
191 146
186
13
605
207 566
211
137 464
648
64 444
497
559
616
332
234 57
280 904
799
498 817
235
197
229
232
193
600 204
310 589
628 290
26 58
159
560
624 344
639
931
292
631 256
107
790
115 131
320
5
829
833 117
977 927
516
445 53
165 510
247
707
323
354
759 6
679
994
786
969
766
259 238
106
652
831
104 285
0 760
807
485
362
51 511
100
89
420
901 861
27 617
81
602
661 903
296
914
718
506
970
924
966
224 153
189
684 737
808 620
43
77
194
59 384
301
825 385
614
722
334
543 643
630 525
423
978
811
103
386 242
251
126 102
276
199 674
824 937
845
360
848
382 876
505
349
228
594
747
348
481 93
957 128
893
279
526
519
98
62
462
745
842
681 710
921
701 828
33
916 155
812
303
507
92
592
987
72 469
346
915 940
706
539
450
430
781 273
281
867
877
319
271 31
610
535 528
429
7
878
456
593
369
82 801
955
963
717 466
646
29
241
178
724
322 894
140
99 635
490 984
317
122
297 163
171 503
692
788 952
727
756
744 471
678
208
956 494
264 967
127
619 818
331 544
890
892 243
287
325
391
154
857 633
9
548 773
219
441
449 884
840 198
74
257 144
736
28
532
181
776
741
321 375
569
725
758 968
584
798 985
410 133
440
408 847
711 598
201
167
392 452
112
769 415
168 763
278
121
34
757
295 846
83
120
139
508
416
22
611
25
352
3
482 709
930 426
713
370
41
787
286
488
149
742
372 172
693
550
236 32
205
19
822
67 879
300
213
739
284
220
170
604
607 752
413 373
839
538
394 474
231 524
618 941
401 699
367
669
885 587
467
976
42
615 399
704
953 673
486
871 424
439
316
664 61
145
754
45
470 947
451
16
862 496
376 40
169 180
656
21
875
446
554
802
435
438 653
306 659
998
70
237 105
37 249
23
305
116 665
670 88
688
660 571
988 686
509
932 545
411
575
672
289 419
774 86
919 459
933
174
797 993
483
658
778
269 383
814 85
935
275
637 403
230
923
493
687
934 715
222
523 568
855
852
479
623
983
529 337
743
255
476 162
946 622
567
400
556
972
654
379
565
640
212
533
913
177
691
805 796
694
63
864
477
210
917
381
78
570
150 716
518 753
922
291 765
502
504
735 227
779
60
606
124 487
644
730
527 66
218 856
868 79
358
195 95
964
830
907
542 475
374
649
794 866
304 266
258
627
775
17
563 601
815
56
437 418
663
12 853
880
30 94
979 995
971
859
267
547 365
293
39
770 253
380
973 206
896
638
233
761
161 390
225
960 675
246 318
11
843
729
