750
318 552
782 847
446
51 715
130 797
39
915 496
14
196
906
480
976
24
983
274
342
245
612 941
307 180
120
924
905
725
574
693
202
396
555
359 80
225
767
415 788
220
564 31
1
36 866
439
510 670
664 64
450
504
410 841
270 619
843
656
992
314
483
370
721 484
422 327
94 338
211
48
378
724
890
448
304 806
955
939
235
712
113
471 119
610
268
811
380
935
779
319
423
692
598 144
283
201
575
961 116
311
809
488
867
586 818
741
985 53
33
733
702
385 634
944
209
966
103
281
25
430
392 824
532
217
576
364
399 365
923
605
735 903
540
247
82 517
41
819
77
23
194
233
273 237
604
109
834 685
259 977
545 609
98
300
913
389
313
691
994
893
345 993
278
405 61
341 20
734
830
646
333
807
516
164
716 414
760 573
246 813
86 432
485
260
418 695
849
594
823
228
11
167
743
943 825
816 252
100
388 795
978
276
593
436
45
565
663
708
412
936
239
914
206 373
675 114
301
62
16
358
29
5
550
361
205
643 928
282
435
938
860
591
790
984 104
328
455 85
922
672
429
508
78
199 55
549
658
303
919 710
141
757
284
223 449
736
347
781 481
747
621
118 947
218 165
475 501
989
746
131 155
265
553 662
617 881
754
56
181
325
671
187
400
972
705 390
255
140
4
192
581 427
519
655
772
583 236
518 737
707
294
324 395
468
987
84 945
367
929 587
997
198 128
614
191 636
990 810
932 153
305
934 801
68 401
732
473
8 916
258
213
649
497
668 215
704
507
723
193
476 750
844
541
770 513
638
185 339
635 684
474 857
394 547
170
42
231 271
189
456
640
171 853
917
680
495 711
883 653
835 720
688
535 673
645
494 487
175 521
803
13
146 288
896
652
726 350
937 763
780
799
526
105 263
894 169
297 580
227 371
376 952
951
686 143
87
629
174
489
384 660
556
758 661
387
465 808
195 18
348
777
980 383
437 953
562 249
34
424 717
503 578
200 256
96 40
186
602
70
349
596
67 134
320
308
232
949 290
755
38
820
764
804
154
865
889
317
148
856 226
845
543 828
667
637 157
988 458
546
161 101
560
107
179
28
83
499
262 322
210
639
950
277
727
603 798
588
585 137
756
106
142
190 76
869
110
159
402 832
12 244
491
242 958
570
460
863
900
72 6
839
558 524
687
882 769
506
502
467
135
827
568 46
706
998
74
279
343 470
719
926
478 901
431
776
959
52 69
886
796 221
698 10
182 622
472
184
176
490 920
970
428 590
931
528 544
592
63
749 382
862 884
60
921
197
551
208
234 335
829
852
766
536
139
47 774
579 773
326
768
99 355
147 871
742
17
241
216
126 66
238 172
694
665 54
275
682
908
948
870
445 759
887
842
90
393
37 386
26 243
266 995
362
30 285
251
531
188 344
391
775
291 902
850
111
877
730
999 542
360
525 523
991 32
50
738
584
240
356
654
925
354
132
261
183 224
203
963
669
875
731 630
554
156 814
641
425
419 438
650
461 846
73
855
124 837
75
421
533
122
462
677
557
520
821
744 595
434 600
411
946 861
463
302
967 459
582 173
522 571
648
679
753 407
548 752
500
486
43
108 289
286
125
27 163
838 269
397
315
309
538
136
212
3
207 765
381
214 876
703 858
292
789 250
457
836
512 306
597
942
674 123
35
888
569
761
873 151
561
515
204 443
729
403 0
624 930
433
728
880
826
907
331 413
878
374
248 97
493
968 910
88 631
416
441
267
219
632 659
505
316
230
911 918
529 714
676 280
452 353
145
909 527
511 150
492 625
787
420
572 973
771
89
296
840 444
44 927
149
321 563
21
466 805
93 898
981 102
975
312
748
623
377
91 168
81
454 426
859
722
530
112
287
158 957
7
254
567
616
793 940
912 363
697 330
352
539
404
627
611
785
406
453
166
800 566
739
477
298
357
323
854
956 657
160 409
899
379
954
783 534
745
299
398 464
369
608 740
618 601
960 794
92
792
784
65 133
678
822
666 49
986
933
469 498
115 833
332
559
451
689 162
15 904
868 482
872 589
351
974 699
22
874
340
613
375 762
815
177
751 310
372 817
366 2
812
620 651
979 607
19
272
346
791
479
718
537 885
509
644
295 117
95 577
178
971
690
964
408 599
121
626
681 257
647
442
895
229
969
293
642
713
786
802
633 264
59 417
334
683 965
222
9
368 447
848
962
329
336 628
71 700
152 696
778
127
253 897
514
891 879
129 892
851
701 982
615 57
79 337
440
864
606
996 138
831
58 709
