750
630 525
284
299
211
762 522
896
41
627
25
936
593
328
269 383
757
499
381
569
688
234 57
907
660 571
134 873
712
431
493
605
22
498 817
336 521
871 424
734
885 587
953 673
908
26 58
140
416
767
543 643
62
476 162
462
287
195 95
787
840 198
711 598
842
906
301
548 773
302
222
745
607 752
39
329
584
412
692
457
463
580 183
297 163
295 846
239
632 945
886
263 398
413 373
611
456
698 443
843
489
220
829
505
89
141
393
127
122
702
145
258
646
225
678
214 721
663
924
490 984
881 943
972
963
743
106
382 876
500
901 861
550
98
346
612 118
512 353
406
150 716
236 32
330 793
931
291 765
139
973 206
694
159
485
957 128
154
449 884
69 599
358
315
8 751
638
735 227
604
519
468
43
447 564
60
515
832 156
799
282
693
600 204
594
561
938
720 999
298
272
264 967
477
347
655
650
341 55
448
806 20
433
880
235
507
232
201
766
308
822
274
386 242
442
825 385
160 696
121
827
208
555
814 85
18 288
780
472
233
922
209
326
619 818
677
187
293
110
848
987
872 152
616
509
149
34
405 226
895
84 558
775
446
812
768
218 856
364
421
349
303
213
495 883
930 426
804
602
47 897
618 941
950
36 432
989
704
48
839
136
553 912
668 175
664 61
870
830
917
451
596
229
350 562
394 474
125
575
351
217
296
939
197
35
585 928
557
78
109
377
410 133
112
556
703 795
370
658
502
250 697
362
736
488
286
435
708
723
202
397
281
980 834
728
815
33
746
614
649
527 66
691
404
758 968
874
954
52 534
648
868 79
176
597
997
126 102
279
974 335
724
845
467
782 173
312
644
237 105
3
228
2 910
71 129
875
260
855
275
893
532
247
714 143
701 828
371 958
506
181
902 590
445 53
816 355
791
325
374
636 750
542 475
16
959
177
819
526
975
628 290
304 266
994
73
990 838
142
51 511
624 344
497
878
440
168 763
439
323
570
971
914
251
864
407 138
265
12 853
932 545
185 911
559
401 699
458 366
687
656
654
955
257 144
50
334
802
639
170
891 96
549
68 657
24
230
278
90
794 866
960 675
805 796
979 995
860
913
771
755
606
634 91
916 155
75
83
42
192
565
165 510
682
289 419
277
641
1
436
223 700
560
889
396
933
450
965 338
46 683
369
327 188
64 444
976
189
322 894
531
777
748
572 789
376 40
429
850
283
348
148
747
754
578 402
164
567
332
535 528
261
929 609
166
194
430
103
92
45
681 710
38
59 384
824 937
905
306 659
516
983
460
595 307
400
969
523 568
167
887
193
333
581 991
310 589
738
844
77
951
808 620
576
518 753
280 904
836
300
551
191 146
484 455
392 452
240
934 715
478 15
414 461
779
111
547 365
157 343
135
651 996
841 726
849
210
685 579
104 285
540
245
486
367
216
14
356
132
679
857 633
4
17
869
538
354
661 903
119 123
645
759 6
504
409 324
255
389
770 253
63
781 273
530
583 147
425
438 653
537 909
977 927
171 503
174
246 318
970
706
591
101 835
178
948
741
267
563 601
790
742
647
859
865
986
124 487
631 256
259 238
28
179
684 737
100
626
454 270
732
199 674
946 622
207 566
395 465
241
420
437 418
730
719
769 415
925
313
672
0 760
492 80
797 993
923
784
826
852
314
11
428 501
29
54 949
823
981 898
821
731 695
372 172
792
944
718
669
956 494
851
798 985
772
744 471
331 544
942
615 399
722
888
81
858 97
776
231 524
317
640
224 153
205
115 131
788 952
854
340
652
491
219
508
533
786
23
360
867
470 947
637 403
733
546
342
481 93
707
803
161 390
70
359 920
727
890
921
352
268
107
539
988 686
882 918
629
361
387
982 603
56
379
667
30 94
717 466
309
809
411
863
21
203
621
380
9
182 813
113
5
919 459
513 434
72 469
212
99 635
761
292
785
831
536
319
680
169 180
642
186
37 249
676 108
215 961
74
756
739
271 31
613
998
19
321 375
541
778
935
368 244
423
130 190
441
725
574
964
623
422 662
316
671
254
357
582 363
749 573
520
417 158
276
820
729
294
774 86
221 76
114 151
473
900
320
82 801
517 65
810 586
305
200 262
740 705
966
592
690
408 847
482 709
764
862 496
27 617
49 248
554
978
670 88
427 252
116 665
877
992
625 666
962
120
137 464
87
388 339
514
811
7
184
926
480
311
783 608
833 117
378
391
837 345
10 577
479
915 940
610
807
552 689
453
13
899
713
483
588
529 337
44 800
892 243
196
67 879
