750
291 765
857 633
647
107
983
22
831
881 943
900
368 244
914
50
161 390
480
92
361
513 434
885 587
289 419
871 424
559
174
36 432
159
326
588
333
951
650
35
422 662
154
260
437 418
842
493
120
412
639
200 262
708
82 801
578 402
706
265
711 598
775
29
839
546
681 710
46 683
420
320
902 590
549
889
272
810 586
907
917
379
222
916 155
408 847
103
621
625 666
114 151
684 737
762 522
607 752
305
77
782 173
194
473
202
936
476 162
890
874
755
542 475
438 653
580 183
935
236 32
430
792
841 726
517 65
667
11
277
25
449 884
694
391
160 696
679
809
251
938
572 789
483
844
962
340
297 163
932 545
34
274
196
749 573
615 399
527 66
823
267
640
177
746
423
369
250 697
136
63
744 471
394 474
892 243
766
405 226
605
72 469
604
33
45
234 57
779
287
49 248
553 912
27 617
954
334
481 93
704
641
596
645
933
685 579
713
231 524
946 622
148
819
397
1
880
38
688
417 158
994
778
821
16
389
581 991
878
723
971
512 353
406
228
37 249
317
41
845
575
815
472
171 503
505
409 324
42
944
215 961
788 952
241
322 894
26 58
500
467
4
574
187
413 373
915 940
314
24
178
602
997
209
325
748
134 873
703 795
682
300
18 288
870
30 94
428 501
630 525
942
51 511
212
374
70
520
130 190
302
718
230
135
98
515
556
970
655
477
348
112
626
506
600 204
280 904
701 828
734
264 967
864
21
356
315
535 528
381
992
100
833 117
802
372 172
899
863
670 88
121
441
284
956 494
3
826
929 609
843
591
539
310 589
784
717 466
664 61
330 793
712
882 918
354
137 464
719
901 861
7
930 426
543 643
71 129
555
702
319
327 188
23
342
447 564
827
176
220
329
611
495 883
468
680
9
312
814 85
803
924
316
768
358
5
547 365
693
14
298
594
530
986
294
877
780
840 198
295 846
332
727
807
439
404
771
538
950
106
482 709
351
81
411
392 452
804
960 675
124 487
850
720 999
263 398
560
225
127
908
797 993
246 318
509
388 339
772
357
269 383
218 856
346
687
208
164
612 118
142
259 238
393
865
378
258
781 273
798 985
185 911
519
733
676 108
649
722
17
948
239
224 153
740 705
636 750
518 753
812
168 763
414 461
637 403
829
410 133
504
808 620
969
235
321 375
299
191 146
811
84 558
64 444
730
400
905
387
888
75
756
195 95
644
988 686
919 459
370
8 751
923
964
955
219
73
830
692
201
193
728
232
83
669
221 76
492 80
181
296
867
631 256
875
210
714 143
531
119 123
820
59 384
122
922
150 716
448
965 338
891 96
376 40
869
725
240
533
976
145
101 835
125
360
761
395 465
981 898
44 800
306 659
303
886
678
451
203
367
990 838
972
652
747
440
99 635
217
182 813
757
39
791
565
78
855
453
978
516
308
126 102
247
754
576
457
458 366
551
508
54 949
799
584
616
787
421
939
0 760
478 15
672
90
10 577
139
567
540
661 903
401 699
67 879
824 937
279
261
213
769 415
690
186
822
502
536
499
959
982 603
460
732
507
660 571
165 510
651 996
170
132
887
489
116 665
896
979 995
167
783 608
759 6
275
179
60
724
293
407 138
292
199 674
336 521
371 958
794 866
271 31
349
47 897
671
906
283
648
561
529 337
537 909
257 144
735 227
739
69 599
486
485
563 601
541
491
523 568
454 270
646
741
777
745
742
656
921
895
805 796
216
595 307
113
311
619 818
786
614
446
569
629
738
490 984
488
197
429
386 242
104 285
433
207 566
115 131
785
836
668 175
301
425
87
278
638
205
623
973 206
323
859
592
229
743
806 20
462
926
729
989
13
570
223 700
233
48
868 79
2 910
463
552 689
364
852
925
254
282
837 345
431
893
966
677
597
362
304 266
585 928
211
377
790
380
255
347
698 443
281
583 147
858 97
736
980 834
245
497
731 695
931
110
913
189
68 657
12 853
632 945
767
953 673
554
593
19
74
169 180
776
860
450
774 86
816 355
613
957 128
184
610
849
89
557
313
52 534
974 335
157 343
28
691
166
341 55
851
764
268
707
998
770 253
532
514
382 876
624 344
548 773
276
352
854
328
975
331 544
618 941
642
43
309
436
654
111
977 927
149
658
214 721
427 252
442
479
848
582 363
628 290
987
934 715
56
445 53
237 105
416
435
832 156
396
141
825 385
62
634 91
350 562
192
470 947
872 152
526
140
963
456
109
627
359 920
550
606
498 817
862 496
484 455
663
286
758 968
