750
582 363
908
429
23
195 95
445 53
517 65
913
327 188
236 32
690
569
727
857 633
550
346
110
114 151
982 603
786
794 866
860
378
778
404
931
211
7
798 985
277
170
572 789
60
230
930 426
199 674
731 695
986
332
624 344
799
286
325
470 947
981 898
819
956 494
458 366
106
240
667
323
815
130 190
924
451
410 133
168 763
463
232
90
738
184
101 835
836
570
529 337
24
44 800
394 474
124 487
580 183
833 117
467
925
783 608
257 144
717 466
51 511
975
26 58
420
48
893
957 128
649
664 61
583 147
308
354
994
388 339
54 949
360
442
762 522
435
962
263 398
578 402
770 253
233
761
245
75
481 93
287
149
777
678
166
100
362
39
83
478 15
518 753
228
239
881 943
806 20
885 587
400
843
711 598
280 904
724
746
553 912
8 751
392 452
621
84 558
591
935
81
827
681 710
708
294
779
654
408 847
766
328
462
302
372 172
396
692
145
936
356
433
637 403
758 968
650
89
597
533
552 689
772
520
200 262
3
556
980 834
725
217
563 601
312
497
960 675
67 879
305
871 424
350 562
922
814 85
299
260
516
868 79
632 945
610
431
116 665
137 464
679
602
809
134 873
317
428 501
974 335
626
73
207 566
791
923
12 853
782 173
457
807
704
594
189
214 721
642
484 455
950
619 818
468
804
560
416
859
997
493
669
771
874
9
895
82 801
43
18 288
109
865
298
971
351
439
216
754
340
988 686
641
561
867
916 155
969
691
990 838
304 266
437 418
140
473
565
174
658
71 129
220
729
414 461
254
537 909
670 88
850
157 343
161 390
111
33
829
421
938
482 709
181
526
614
191 146
606
283
159
645
126 102
855
219
891 96
646
125
231 524
498 817
196
963
973 206
41
349
775
797 993
625 666
347
875
959
638
10 577
636 750
743
1
13
0 760
49 248
886
430
932 545
409 324
732
899
756
136
276
483
532
735 227
825 385
72 469
202
178
740 705
672
567
508
820
747
30 94
788 952
295 846
849
14
902 590
28
781 273
707
382 876
513 434
141
542 475
427 252
627
275
329
192
790
477
965 338
314
449 884
412
422 662
749 573
946 622
37 249
315
864
386 242
979 995
845
436
896
744 471
685 579
278
509
336 521
730
485
767
612 118
27 617
701 828
714 143
368 244
917
722
62
734
593
235
301
536
70
63
841 726
291 765
830
661 903
194
914
687
812
182 813
616
405 226
535 528
541
197
309
52 534
17
605
549
480
293
5
785
393
948
4
450
267
251
321 375
229
671
401 699
519
361
634 91
926
491
348
989
592
42
978
548 773
720 999
334
900
16
164
289 419
274
297 163
698 443
313
851
736
919 459
680
741
380
712
748
618 941
811
882 918
59 384
115 131
780
942
933
505
889
934 715
268
371 958
907
98
983
259 238
187
21
631 256
261
870
507
389
514
677
604
341 55
880
877
357
215 961
600 204
998
222
792
303
837 345
495 883
201
171 503
702
213
652
644
523 568
374
446
663
839
395 465
787
706
939
370
69 599
499
954
905
944
476 162
306 659
326
596
739
352
272
203
56
822
951
177
808 620
112
234 57
417 158
258
38
19
506
104 285
728
584
929 609
574
411
359 920
330 793
492 80
209
472
193
218 856
50
613
179
955
127
759 6
122
407 138
630 525
540
74
22
970
826
397
269 383
901 861
358
530
210
364
915 940
486
300
488
169 180
292
539
745
68 657
742
551
921
11
25
255
515
77
557
316
629
34
502
167
237 105
311
296
607 752
331 544
547 365
310 589
660 571
639
381
703 795
440
454 270
863
99 635
872 152
676 108
441
447 564
854
264 967
623
160 696
456
282
453
546
694
964
656
120
890
47 897
543 643
333
150 716
342
36 432
406
824 937
647
832 156
987
848
595 307
992
176
205
803
723
966
869
425
972
223 700
776
718
107
655
246 318
490 984
668 175
755
479
527 66
852
87
391
241
367
281
615 399
559
185 911
640
132
576
284
774 86
279
448
651 996
878
135
977 927
906
225
212
688
768
842
682
377
844
438 653
142
224 153
538
460
103
821
148
719
531
858 97
976
369
554
78
92
648
769 415
376 40
2 910
504
489
888
208
585 928
119 123
810 586
64 444
757
862 496
423
379
35
713
831
784
113
575
588
387
221 76
500
802
581 991
887
823
154
139
413 373
555
45
764
250 697
320
165 510
46 683
953 673
322 894
186
684 737
265
816 355
733
121
892 243
319
611
840 198
805 796
512 353
29
693
271 31
628 290
247
