750
836
251
406
153 253
741
14
737 84
698 668
921
861 793
731 801
680
683 781
602
514
845
65 882
87
133 246
47 788
909 856
820
653 838
648
82 156
980 577
34
847 758
348
744 124
468
751 236
39
992
903 171
259 408
76 828
866 918
677
483
1
451
210
399 782
308
629
596
821
518 773
613
321 841
181
834 740
403 824
734
712
375 395
238 977
201
411
849
224 695
963
807
24
584
887
21
121
195 368
754
864
511 341
11
226 685
516
530
800 482
427 418
96 102
329
955
43
733
720 273
272
747
724
293
935
130 568
817 945
606
381
501 263
554
905
7
206 607
890
637 806
325
19
298
351
356
377
931
543 494
491
611
148
202
178
710 180
233
316
361
492 932
941 643
100
583 214
968 422
555
216
326
16
287
762 144
497
152 711
234 289
279
70
170
79 413
942
357
746
621
645
854
311
523 991
379
934 55
290 185
159
429
591
860
507
3
260
46 123
301
886
489
904 990
989
479
340
459 461
78
485
986
997
106
64 191
330 487
455 928
714 198
906
730
218 631
975
163 2
283
703 721
974 587
610
363 478
708
77
569
50
184
249 72
531
791
545 327
98
484 18
718
813 126
608 415
352
580 95
13
765 735
972
855
823
627
42
672
336 853
792
599 419
884 952
22
23
134 464
119 929
565
777
223 67
537 618
389
546
794 383
269 86
667
470 581
761
445 68
83
998
745
91 810
857 200
425
35
469 108
430
707
795 589
436
919 797
141
467
292
312
830
682
320
655
240
453
410 835
358
552 26
307 257
971
851
872 466
140
393
291 345
147 57
528 558
900
347
840 310
768
309
303
115 304
211
448
186
332
56
500
149
826
592
944
337 965
276
286
266 8
166
705 837
203
557
143 285
465 490
671
376 339
396
649
89
640
305
388 620
881 168
696 434
646
634 331
302
6 15
774 700
502
570
208
750 659
759 946
996 930
623
45
833 150
402 474
922
630 244
757
296
463
889
323
230
893
690
702
112
902 10
420
349
561
114 426
915 937
454 885
367
852
103
431
300
950
684 237
939
933
743
384 129
120
954
582 30
785
254
245
378
435
825 911
364
33
450
258
135
190 798
962
423
217
499
567
804
328
398 674
409 88
219
110
717 58
101 343
966
639
923
756
612 522
656
907
676 137
948
706
878
995 521
879 85
374
535 188
515
983
549
598 585
880
508
524 805
505
938
452 894
848
576
355 248
90
917
235
715 563
314
727
876 617
282
220
775
369
71 628
597
460
29
313
372 953
556
299
187
362
127
969
859
59 943
225
174
779
716 161
443 763
987
462
559
400
767
458 344
533
732
475 686
638
687
107
277
858 288
769 709
778
169 69
207 27
17
54 912
278
265
614
229
92
297 52
809
354
414 615
936
574
132
151 600
154
985 660
603 927
651 116
846 392
165 699
334
213
771
897 407
449 999
541
678
959
12 405
397
783 322
446
519
719
616
113
504
994
666 796
622 0
647
457
951
527 862
128 338
262 984
874
573 94
111
586 664
799
693
993 250
652
665 525
81
281
578 891
914
117 632
803
978
670 503
477
924
875
498 31
956 104
421
228
913
49 661
590 158
816 510
456
819
142
694
550
386 99
280 105
183 920
892 495
333
61 726
870
764
547 40
294
412
551
729
252 579
227 873
241
268
916 160
365 324
808 633
641
373 512
394 542
940 689
242 444
789 146
532
212
888
818 318
350 428
73
973 624
274
97 306
662 701
176
182 118
760 960
315
437 93
736
829
843
865
382 335
786
380
264 961
432 529
261
51 44
553 295
526
520
988 496
704
534 155
342
609 625
473
958 595
871 564
63
38
28
145
172 883
205
560
60
925
898 753
812
193
784
811
493
471 204
125
755
53 619
139
197
869
9
391
776
509
317
138 832
867
766
472
688
539
842
844
722
433
366 417
387
284
404
692
346
814 447
827
895
41
588
877
441
868 636
593
669
540
626
319
62
481 270
691
979 752
4
189
179
863
164
401 256
772
192
32 359
908
575
831
725
839
850
681 80
486
981 566
657 571
739
926
48
167
439
748
723
175 673
738
544 215
642
536
221 199
438 901
275
644
780
239
970
442
243 957
658
416
538
353 231
976
896
360
74
25
713
899
815
424 770
194
255
37 675
131 967
196
370
822
802
594
679
650
162 949
109
390 910
209
371 947
572 476
122
787
517 697
480
247
136
66 20
964
232
157 271
635 385
982 749
5
36 601
728
605
790
742
75
173 513
663
177
267
562 548
440
654
604
222
488
506
