750
723
473
693
968 910
8 916
207 765
394 547
647
745
575
875
21
912 363
356
535 673
398 464
301
293
233
606
234 335
642
41
506
325
821
154
915 496
961 116
597
975
701 982
749 382
456
758 661
637 157
592
926
776
397
557
72 6
874
886
615 57
411
911 918
259 977
489
850
27 163
703 858
408 599
241
112
216
792
421
951
688
418 695
385 634
567
4
461 846
760 573
655
998
261
358
442
86 432
497
831
678
829
225
931
800 566
486
736
896
778
895
822
708
656
755
200 256
254
91 168
260
509
347
582 173
529 714
768
439
883 653
623
99 355
815
613
667
780
730
448
721 484
316
681 257
148
375 762
786
770 513
381
735 903
652
258
67 134
504
480
632 659
455 85
899
491
247
213
593
109
206 373
5
771
939
948
303
378
9
515
605
146 288
716 414
539
297 580
553 662
626
747
603 798
706
922
275
554
60
705 390
722
971
399 365
559
1
811
38
270 619
453
533
645
81
984 104
505
282
52 69
923
725
907
136
851
294
668 215
324 395
34
842
694
39
415 788
90
949 290
804
787
96 40
986
981 102
248 97
142
591
664 64
766
245
416
950
516
783 534
196
650
729
160 409
369
181
166
680
988 458
188 344
374
364
522 571
308
538
761
366 2
978
121
477
919 710
127
955
658
357
434 600
913
676 280
964
803
287
568 46
893
202
345 993
302
490 920
205
967 459
827
675 114
943 825
889
767
519
392 824
240
633 264
959
877
43
785
201
548 752
980 383
145
929 587
78
909 527
332
503 578
273 237
149
431
990 810
183 224
823
942
983
24
15 904
317
58 709
37 386
422 327
731 630
65 133
608 740
511 150
87
598 144
635 684
255
326
707
299
663
925
602
219
782 847
970
531
863
468
377
483
848
751 310
807
698 10
616
246 813
683 965
639
611
333
425
208
26 243
802
457
51 715
475 501
313
726 350
309
845
372 817
266 995
921
488
141
550
231 271
791
649
994
677
212
223 449
852
585 137
704
579 773
189
908
82 517
753 407
754
343 470
122
296
873 151
666 49
784
748
441
111
315
175 521
232
502
732
870
217
594
400
167
546
624 930
44 927
12 244
640
235
73
564 31
479
13
340
687
799
295 117
872 589
25
938
16
220
35
320
530
437 953
560
424 717
48
115 833
177
209
274
56
728
318 552
859
962
298
11
404
129 892
757
311
124 837
643 928
960 794
277
360
890
94 338
809
211
471 119
352
185 339
304 806
963
440
558 524
485
779
161 101
420
686 143
493
412
932 153
393
924
467
452 353
570
525 523
512 306
387
29
33
691
834 685
354
253 897
733
992
508
472
19
627
576
839
935
724
406
764
351
671
917
430
742
191 636
934 801
435
336 628
738
719
286
278
528 544
251
492 625
999 542
433
812
520
171 853
376 952
840 444
204 443
95 577
888
991 32
321 563
262 322
674 123
914
284
466 805
816 252
380
362
342
574
864
620 651
84 945
22
494 487
50
536
826
583 236
239
429
612 941
772
860
514
537 885
341 20
469 498
976
944
985 53
222
741
349
781 481
819
830
62
669
227 371
614
147 871
405 61
314
214 876
532
690
588
63
283
835 720
549
526
268
389
292
596
170
989
156 814
130 797
451
997
905
638
629
856 226
739
305
702
135
184
868 482
621
329
176
28
972
562 249
428 590
712
368 447
900
697 330
933
689 162
98
331 413
132
370
545 609
581 427
450
555
92
159
445 759
47 774
88 631
265
423
70
126 66
510 670
36 866
543 828
107
682
584
291 902
79 337
74
777
281
379
878
272
561
361
586 818
936
59 417
790
14
178
3
93 898
229
756
182 622
743
195 18
194
855
190 76
267
110
551
617 881
869
131 155
242 958
113
140
894 169
359 80
474 857
713
105 263
238 172
158 957
692
987
77
996 138
174
610
665 54
775
388 795
300
541
210
727
462
328
334
164
744 595
843
45
954
891 879
106
793 940
7
565
228
979 607
465 808
276
641
197
569
969
646
279
618 601
862 884
854
500
460
192
68 401
89
436
974 699
17
867
838 269
152 696
193
319
323
230
820
199 55
463
956 657
410 841
887
187
654
865
478 901
540
218 165
139
734
476 750
518 737
71 700
937 763
384 660
75
42
966
348
836
367
507
198 128
844
499
495 711
672
419 438
796 221
103
882 769
556
346
446
454 426
572 973
120
849
100
125
307 180
83
880
789 250
203
186
108 289
391
312
179
946 861
648
403 0
679
906
118 947
718
746
604
396
402 832
644
30 285
23
