750
48
593
556
198 128
792
528 544
829
976
463
780
112
931
73
520
683 965
586 818
532
42
820
445 759
796 221
972
955
760 573
241
298
726 350
493
234 335
831
156 814
39
351
60
146 288
725
461 846
559
312
84 945
635 684
656
911 918
219
632 659
615 57
301
507
492 625
743
379
317
922
465 808
91 168
581 427
376 952
233
567
864
324 395
667
333
519
745
811
110
553 662
621
739
232
105 263
872 589
456
268
293
38
166
722
408 599
72 6
473
554
988 458
648
282
666 49
218 165
81
486
964
425
707
50
399 365
874
239
557
284
758 661
276
152 696
181
783 534
406
124 837
602
437 953
591
62
639
548 752
508
352
472
436
4
585 137
193
873 151
222
434 600
518 737
466 805
894 169
938
842
211
267
543 828
415 788
16
23
605
77
29
141
895
574
210
248 97
214 876
490 920
933
480
540
893
729
148
509
286
469 498
43
265
389
996 138
336 628
384 660
839
883 653
302
802
545 609
262 322
923
342
827
323
686 143
428 590
451
764
266 995
687
800 566
887
568 46
340
582 173
882 769
692
291 902
404
843
197
990 810
757
228
859
170
272
772
255
316
727
106
645
741
178
644
633 264
856 226
349
749 382
372 817
502
809
188 344
789 250
932 153
387
325
479
643 928
732
195 18
385 634
247
510 670
8 916
345 993
190 76
880
616
597
680
702
149
475 501
891 879
679
212
71 700
907
555
419 438
613
411
761
511 150
358
638
966
826
967 459
452 353
934 801
604
341 20
731 630
526
860
784
766
346
397
311
22
9
704
131 155
202
623
35
850
394 547
462
296
649
694
111
500
200 256
14
388 795
70
730
979 607
912 363
422 327
951
273 237
834 685
807
3
516
899
177
723
429
610
868 482
754
277
959
598 144
405 61
790
130 797
174
612 941
668 215
348
777
231 271
450
201
835 720
196
642
588
299
753 407
377
867
441
956 657
17
442
313
705 390
326
712
596
421
208
674 123
937 763
998
549
283
836
223 449
56
987
454 426
682
869
728
476 750
94 338
791
217
689 162
950
963
194
658
541
483
852
199 55
786
971
439
52 69
799
558 524
251
819
626
844
369
863
535 673
747
562 249
179
86 432
989
735 903
900
494 487
515
331 413
926
315
570
533
691
512 306
877
983
909 527
913
460
359 80
227 371
300
539
646
308
919 710
608 740
890
949 290
423
319
914
378
929 587
594
30 285
942
678
171 853
499
59 417
751 310
287
238 172
606
92
970
672
412
779
905
592
854
391
713
503 578
132
136
467
140
260
36 866
961 116
525 523
734
225
457
845
329
640
994
309
362
115 833
981 102
230
770 513
93 898
297 580
495 711
213
347
424 717
63
505
618 601
664 64
381
671
733
259 977
629
33
68 401
862 884
529 714
366 2
946 861
485
453
561
787
410 841
943 825
254
82 517
303
471 119
292
240
677
489
935
962
127
504
275
98
120
948
304 806
969
924
875
5
840 444
506
431
396
12 244
209
564 31
87
838 269
997
402 832
908
400
701 982
403 0
986
816 252
778
627
108 289
65 133
782 847
78
583 236
477
939
915 496
307 180
572 973
433
925
392 824
167
278
665 54
88 631
113
343 470
74
538
182 622
575
703 858
614
246 813
129 892
367
261
641
357
203
95 577
663
478 901
103
147 871
906
26 243
192
960 794
620 651
781 481
51 715
546
878
295 117
142
624 930
804
693
738
158 957
497
584
974 699
675 114
776
374
706
28
980 383
398 464
886
855
361
474 857
79 337
669
744 595
565
536
446
870
83
756
650
145
984 104
100
314
99 355
364
851
354
160 409
698 10
721 484
189
19
96 40
999 542
768
611
122
755
375 762
812
655
107
742
690
334
332
220
708
393
41
21
161 101
44 927
11
164
270 619
830
921
418 695
1
551
468
25
253 897
139
652
718
24
849
135
258
531
328
370
569
716 414
185 339
305
360
522 571
368 447
550
207 765
206 373
13
204 443
318 552
175 521
803
724
281
771
823
67 134
154
865
75
748
537 885
822
15 904
37 386
848
430
58 709
579 773
320
603 798
793 940
159
176
121
654
242 958
109
229
736
245
888
647
321 563
380
420
184
416
576
279
676 280
435
697 330
205
944
187
90
821
488
235
47 774
183 224
936
455 85
617 881
34
27 163
118 947
448
356
126 66
440
775
889
896
560
186
491
985 53
992
45
917
975
815
954
216
514
294
991 32
125
767
191 636
89
746
719
274
681 257
785
7
637 157
688
968 910
530
978
