750
823
540
830
414 461
502
703 795
13
537 909
815
320
595 307
953 673
203
512 353
840 198
263 398
516
417 158
739
139
367
790
115 131
931
531
207 566
29
64 444
769 415
491
442
454 270
582 363
563 601
777
59 384
264 967
615 399
708
767
148
119 123
30 94
220
165 510
610
959
157 343
12 853
462
962
467
706
862 496
781 273
364
314
529 337
929 609
112
707
783 608
649
803
379
448
381
116 665
191 146
626
258
69 599
741
942
70
51 511
92
457
479
74
523 568
627
905
989
581 991
348
934 715
605
742
613
916 155
748
24
556
453
357
778
11
342
844
122
369
809
428 501
922
930 426
179
526
851
867
271 31
196
992
98
189
1
82 801
325
530
772
638
730
539
979 995
899
735 227
67 879
286
600 204
882 918
639
642
826
21
33
241
808 620
804
449 884
261
282
218 856
651 996
404
631 256
356
733
878
451
396
915 940
430
744 471
492 80
787
167
576
380
654
746
551
219
142
606
292
693
121
518 753
77
394 474
440
391
759 6
34
224 153
134 873
99 635
450
757
914
235
305
225
332
647
236 32
8 751
971
515
137 464
619 818
368 244
50
907
794 866
843
890
702
889
14
16
358
328
359 920
63
197
549
921
458 366
178
547 365
395 465
775
923
532
192
19
567
555
913
327 188
869
548 773
247
939
360
493
885 587
805 796
833 117
17
3
630 525
132
732
740 705
886
842
333
200 262
439
239
612 118
678
756
47 897
636 750
607 752
68 657
322 894
891 96
724
592
755
276
309
110
431
78
164
682
896
829
168 763
719
936
278
340
980 834
484 455
888
798 985
201
723
664 61
536
39
881 943
161 390
250 697
114 151
906
624 344
785
717 466
955
634 91
616
764
154
49 248
38
18 288
481 93
460
378
519
902 590
48
802
26 58
81
854
75
422 662
569
591
771
575
604
646
405 226
488
315
806 20
641
468
25
362
215 961
54 949
814 85
272
4
463
41
543 643
946 622
966
159
202
652
711 598
433
101 835
279
725
181
166
561
323
690
736
865
832 156
766
331 544
284
407 138
330 793
170
640
376 40
570
268
722
401 699
341 55
477
770 253
500
216
485
580 183
644
87
535 528
743
126 102
438 653
0 760
413 373
72 469
982 603
319
228
211
103
514
160 696
784
761
10 577
594
816 355
628 290
849
476 162
727
954
480
222
231 524
963
650
728
149
312
349
864
9
812
687
938
924
141
289 419
274
824 937
976
423
213
983
821
386 242
352
583 147
981 898
618 941
22
397
478 15
859
520
84 558
334
957 128
660 571
90
509
251
977 927
411
83
731 695
36 432
298
185 911
310 589
71 129
718
574
304 266
908
588
827
965 338
107
933
623
7
527 66
299
663
2 910
321 375
294
807
799
875
637 403
35
350 562
283
621
281
371 958
52 534
701 828
671
779
240
410 133
313
857 633
370
490 984
295 846
257 144
860
900
62
895
498 817
393
246 318
136
293
483
44 800
412
669
174
578 402
409 324
734
100
855
269 383
296
684 737
550
670 88
584
361
392 452
692
990 838
792
223 700
210
234 57
497
89
109
472
593
611
372 172
111
969
377
482 709
130 190
762 522
260
199 674
37 249
306 659
782 173
602
408 847
950
125
176
486
425
948
208
681 710
960 675
667
870
810 586
446
820
677
614
456
387
541
585 928
184
291 765
546
901 861
212
232
972
871 424
917
507
23
127
597
837 345
60
552 689
661 903
194
400
685 579
676 108
27 617
688
193
932 545
214 721
572 789
973 206
774 86
997
182 813
596
388 339
217
998
935
416
255
120
988 686
625 666
648
177
265
245
811
975
970
187
978
863
316
554
919 459
354
311
926
542 475
297 163
553 912
326
819
791
557
747
106
267
73
533
845
495 883
445 53
56
538
874
559
839
852
745
437 418
420
632 945
944
672
145
768
892 243
329
233
655
254
560
287
435
104 285
848
195 95
956 494
300
836
887
704
786
150 716
877
135
229
691
124 487
302
230
275
517 65
280 904
301
668 175
169 180
868 79
436
720 999
788 952
738
858 97
5
389
374
308
43
825 385
880
28
351
506
994
893
645
831
406
171 503
505
754
347
780
964
749 573
45
504
565
513 434
841 726
470 947
209
872 152
441
186
473
113
336 521
680
277
205
429
797 993
221 76
729
499
987
974 335
382 876
679
850
259 238
303
658
698 443
776
46 683
237 105
986
656
489
346
712
713
925
758 968
447 564
140
427 252
822
317
508
694
421
951
714 143
629
42
