750
483
552 26
420
412
669
908
489
843
772
931
926
839
532
470 581
403 824
905
83
373 512
22
972
517 697
307 257
56
909 856
598 585
363 478
850
279
863
117 632
997
993 250
91 810
880
603 927
382 335
875
599 419
445 68
505
282
970
808 633
720 273
107
427 418
76 828
176
531
111
656
255
369
879 85
375 395
308
239
29
103
996 930
268
769 709
906
254
562 548
844
317
948
654
203
742
899
500
220
846 392
221 199
147 57
665 525
755
787
878
514
414 615
141
767
870
411
672
896
998
917
499
293
377
477
987
698 668
259 408
429
849
96 102
284
658
159
196
724
621
97 306
92
260
79 413
278
778
481 270
401 256
223 67
717 58
398 674
648
612 522
281
50
479
539
202
551
626
994
869
530
243 957
314
365 324
32 359
5
485
135
526
463
736
871 564
814 447
380
252 579
404
227 873
893
178
41
449 999
582 30
614
940 689
423
217
823
134 464
820
25
457
125
795 589
556
533
734
410 835
11
313
547 40
272
379
186
845
442
462
655
381
649
847 758
730
683 781
715 563
867
456
629
294
148
393
501 263
543 494
416
74
207 27
333
143 285
559
583 214
320
884 952
657 571
523 991
794 383
235
128 338
822
174
848
460
334
454 885
712
760 960
357
747
192
854
729
593
969
230
28
527 862
302
596
662 701
666 796
346
968 422
710 180
112
790
741
351
748
637 806
238 977
201
604
765 735
291 345
89
138 832
106
361
362
518 773
34
634 331
732
65 882
764
9
933
804
509
440
777
328
504
75
860
670 503
889
535 188
172 883
704
326
888
179
688
13
181
573 94
647
858 288
597
534 155
515
109
17
635 385
208
546
915 937
829
358
459 461
936
233
826
311
623
210
935
944
989
919 797
164
627
325
923
959
458 344
678
939
431
745
569
163 2
722
36 601
671
353 231
372 953
904 990
743
436
62
51 44
954
830
170
524 805
484 18
771
622 0
511 341
938
983
367
886
249 72
976
352
277
451
576
59 943
713
887
371 947
690
113
881 168
914
738
877
971
553 295
187
606
561
744 124
247
757
792
265
387
567
190 798
1
827
47 788
609 625
785
921
986
389
644
468
475 686
182 118
642
676 137
955
786
348
528 558
145
184
594
898 753
45
775
21
139
890
209
240
639
681 80
4
962
316
565
498 31
591
446
183 920
39
309
865
703 721
299
868 636
133 246
42
312
975
630 244
663
859
340
486
874
750 659
586 664
833 150
229
298
193
913
421
386 99
995 521
305
453
197
315
900
100
588
211
3
280 105
77
641
154
64 191
761
441
813 126
728
122
101 343
81
560
872 466
121
508
537 618
321 841
646
834 740
261
119 929
216
544 215
297 52
266 8
142
780
63
691
303
286
98
292
799
705 837
766
924
290 185
267
48
332
12 405
493
406
347
592
950
677
384 129
23
836
46 123
519
783 322
718
388 620
175 673
916 160
33
455 928
605
751 236
14
409 88
242 444
212
374
855
866 918
756
716 161
497
934 55
981 566
432 529
692
907
784
194
399 782
234 289
53 619
706
541
768
897 407
851
696 434
350 428
574
902 10
679
992
115 304
815
394 542
130 568
570
61 726
892 495
903 171
613
491
82 156
149
611
942
616
645
694
152 711
951
376 339
366 417
590 158
536
342
982 749
430
472
958 595
739
469 108
43
66 20
727
707
400
38
802
24
638
213
35
364
818 318
225
651 116
545 327
166
471 204
978
557
448
922
857 200
195 368
165 699
608 415
602
791
222
319
723
439
228
356
226 685
652
78
516
963
572 476
840 310
876 617
973 624
283
354
218 631
433
964
337 965
323
550
19
70
825 911
580 95
640
731 801
162 949
693
803
157 271
443 763
402 474
465 490
296
754
245
667
702
555
506
390 910
842
985 660
73
169 69
988 496
349
737 84
438 901
219
817 945
488
538
974 587
821
136
575
687
251
264 961
966
262 984
360
450
241
435
861 793
979 752
719
425
708
507
391
110
733
355 248
301
300
205
131 967
189
925
956 104
60
809
759 946
258
16
329
127
554
774 700
492 932
831
274
725
396
941 643
6 15
540
206 607
437 93
397
275
424 770
980 577
816 510
276
502
37 675
151 600
173 513
330 487
812
167
467
224 695
807
370
762 144
480
269 86
811
684 237
714 198
49 661
650
682
71 628
177
584
114 426
153 253
232
653 838
864
452 894
140
54 912
852
578 891
336 853
549
132
789 146
7
680
895
610
779
87
746
800 482
819
90
520
378
120
287
776
473
