750
296
72 6
152 696
332
423
672
218 165
615 57
229
141
98
732
352
667
213
843
983
632 659
819
276
387
44 927
849
307 180
181
844
515
574
324 395
781 481
240
446
238 172
309
961 116
764
79 337
411
724
770 513
980 383
971
745
391
262 322
870
171 853
265
230
503 578
21
295 117
948
826
680
756
539
362
890
314
999 542
492 625
210
376 952
136
33
30 285
823
735 903
156 814
434 600
540
793 940
623
768
997
553 662
864
899
343 470
253 897
366 2
397
103
441
94 338
934 801
65 133
131 155
209
216
109
431
887
707
204 443
278
207 765
448
234 335
565
915 496
28
474 857
611
591
394 547
113
47 774
874
126 66
422 327
286
418 695
90
275
419 438
893
13
729
569
284
451
389
93 898
428 590
829
348
48
245
507
549
536
356
994
317
187
430
511 150
674 123
760 573
359 80
139
988 458
149
560
937 763
400
648
675 114
199 55
120
783 534
45
868 482
429
212
705 390
220
298
954
147 871
799
531
463
248 97
789 250
83
728
406
528 544
312
608 740
232
277
831
196
856 226
865
896
519
746
842
582 173
233
923
739
99 355
146 288
882 769
514
455 85
380
12 244
272
50
721 484
41
287
375 762
562 249
184
177
775
254
465 808
217
475 501
669
14
319
8 916
86 432
107
73
786
911 918
743
986
637 157
118 947
821
741
267
944
399 365
942
440
834 685
748
931
164
268
640
921
558 524
297 580
955
964
809
439
624 930
803
583 236
491
9
129 892
618 601
646
616
178
687
130 797
551
185 339
328
334
483
655
71 700
613
991 32
15 904
703 858
367
996 138
816 252
535 673
617 881
462
516
598 144
473
654
59 417
506
689 162
755
906
894 169
807
227 371
642
188 344
909 527
370
74
186
331 413
939
393
364
110
509
121
477
379
323
106
827
951
726 350
787
538
183 224
627
975
420
214 876
555
606
488
579 773
442
946 861
228
751 310
81
282
421
747
839
543 828
912 363
522 571
241
360
193
676 280
239
88 631
25
550
303
594
754
880
231 271
678
815
318 552
949 290
935
159
597
154
963
976
368 447
190 76
454 426
730
203
195 18
497
776
956 657
166
974 699
261
37 386
467
767
878
718
4
500
242 958
329
100
384 660
471 119
605
734
415 788
108 289
194
585 137
702
546
981 102
790
780
68 401
408 599
757
933
914
694
533
392 824
29
545 609
510 670
436
556
26 243
294
532
189
850
461 846
638
845
557
140
575
326
62
437 953
219
270 619
838 269
802
862 884
311
3
852
321 563
855
938
202
900
647
686 143
293
979 607
621
820
690
274
800 566
727
125
978
620 651
346
82 517
691
508
27 163
304 806
943 825
576
505
200 256
388 795
70
736
499
697 330
922
95 577
457
300
316
472
161 101
305
43
39
848
11
225
593
201
604
175 521
649
381
223 449
135
586 818
778
886
645
192
554
984 104
936
929 587
518 737
325
456
581 427
435
460
677
967 459
572 973
247
466 805
273 237
211
877
612 941
610
758 661
777
453
63
666 49
998
385 634
486
504
682
663
907
480
452 353
693
854
972
919 710
891 879
112
561
681 257
369
966
258
235
641
584
222
679
708
990 810
320
626
614
779
52 69
315
266 995
644
279
478 901
38
753 407
712
176
766
771
867
658
342
913
416
668 215
494 487
445 759
124 837
158 957
656
738
559
17
283
785
372 817
782 847
489
425
987
761
292
22
404
830
733
170
291 902
570
174
742
602
182 622
132
512 306
403 0
872 589
357
665 54
19
485
883 653
541
396
191 636
698 10
652
259 977
889
917
639
926
716 414
495 711
92
91 168
875
869
859
749 382
78
405 61
476 750
925
731 630
723
246 813
96 40
888
719
772
260
75
989
822
796 221
35
692
567
34
7
836
520
345 993
722
23
358
16
198 128
704
969
596
208
374
835 720
564 31
635 684
5
792
341 20
89
105 263
469 498
650
811
51 715
502
932 153
791
398 464
433
568 46
490 920
412
968 910
205
860
744 595
706
643 928
588
784
863
603 798
127
333
959
873 151
804
908
895
592
160 409
179
302
1
950
985 53
255
378
111
347
526
629
424 717
529 714
58 709
683 965
468
349
24
36 866
530
251
525 523
633 264
970
206 373
60
87
84 945
962
548 752
537 885
148
493
167
410 841
351
56
122
713
336 628
812
340
671
197
377
960 794
924
840 444
725
992
479
299
301
851
664 64
281
905
402 832
450
115 833
77
701 982
145
42
142
688
354
313
308
67 134
361
