750
472
980 383
441
26 243
206 373
1
460
880
159
543 828
475 501
370
537 885
118 947
239
4
325
494 487
321 563
504
548 752
582 173
219
886
29
546
652
721 484
111
963
446
946 861
970
71 700
415 788
820
511 150
468
594
497
994
50
749 382
867
948
938
606
526
643 928
428 590
192
352
658
156 814
375 762
410 841
937 763
364
63
877
43
420
359 80
319
369
423
588
900
478 901
305
3
775
67 134
91 168
875
969
176
23
862 884
74
525 523
214 876
819
341 20
311
467
174
218 165
944
11
681 257
676 280
130 797
287
593
93 898
981 102
991 32
538
279
396
30 285
397
199 55
391
312
314
297 580
929 587
926
465 808
567
42
440
222
734
556
985 53
266 995
489
629
827
635 684
512 306
52 69
778
388 795
654
592
210
655
7
275
889
72 6
799
211
518 737
677
834 685
722
124 837
317
328
58 709
298
532
347
367
175 521
429
313
189
259 977
812
336 628
786
277
105 263
519
295 117
348
291 902
694
378
551
583 236
228
148
246 813
674 123
613
35
456
499
384 660
360
435
581 427
368 447
852
238 172
434 600
925
851
641
705 390
14
968 910
756
633 264
602
597
28
922
90
44 927
964
934 801
380
950
196
455 85
617 881
729
688
873 151
301
469 498
790
404
565
906
307 180
431
956 657
220
466 805
457
621
358
550
668 215
725
887
754
771
78
248 97
691
177
768
186
911 918
356
698 10
536
907
741
480
398 464
292
235
559
38
792
13
558 524
15 904
743
184
974 699
951
648
131 155
988 458
84 945
732
529 714
272
758 661
924
917
333
736
304 806
848
849
320
203
531
510 670
103
400
70
859
829
254
47 774
779
679
575
34
730
979 607
22
855
766
942
476 750
687
776
959
585 137
296
961 116
5
896
528 544
161 101
357
780
667
366 2
197
604
637 157
343 470
129 892
856 226
830
433
990 810
217
418 695
147 871
727
437 953
933
840 444
205
411
640
560
149
796 221
787
260
644
998
516
452 353
448
127
989
255
300
522 571
362
533
167
663
208
424 717
967 459
361
204 443
895
899
680
65 133
98
931
267
122
500
893
108 289
690
473
36 866
753 407
326
978
392 824
568 46
282
760 573
719
954
268
27 163
194
598 144
21
232
894 169
921
229
245
241
656
8 916
596
450
505
48
999 542
233
422 327
187
247
702
932 153
329
742
943 825
614
701 982
785
96 40
666 49
816 252
374
354
854
346
605
909 527
692
693
112
225
745
914
486
171 853
572 973
815
68 401
145
178
284
164
73
683 965
627
92
12 244
461 846
764
100
387
281
140
579 773
349
19
462
39
62
650
302
477
113
728
839
436
193
647
638
716 414
316
126 66
767
152 696
612 941
453
664 64
791
707
992
955
25
351
75
793 940
540
863
240
278
323
393
913
179
718
706
639
562 249
608 740
454 426
626
831
166
51 715
120
535 673
784
802
675 114
79 337
332
474 857
154
807
394 547
270 619
545 609
883 653
882 769
713
809
170
678
935
183 224
996 138
939
242 958
838 269
603 798
294
190 76
181
381
561
185 339
299
708
132
870
865
761
274
324 395
303
971
416
389
860
584
574
645
451
216
811
9
800 566
975
726 350
744 595
182 622
986
738
24
479
665 54
755
569
520
872 589
632 659
227 371
874
615 57
844
405 61
463
782 847
878
445 759
553 662
188 344
803
530
502
541
549
646
110
731 630
514
845
984 104
507
209
611
770 513
231 271
89
471 119
864
891 879
746
960 794
905
997
385 634
276
399 365
109
987
207 765
495 711
200 256
783 534
485
439
419 438
17
772
377
869
223 449
425
198 128
265
41
402 832
842
136
672
115 833
121
923
751 310
747
212
273 237
748
703 858
539
16
293
976
554
87
142
733
318 552
230
610
843
919 710
712
669
576
379
624 930
261
340
835 720
421
45
160 409
723
490 920
908
201
345 993
735 903
789 250
56
821
804
430
107
686 143
620 651
586 818
570
704
888
697 330
557
836
376 952
671
202
88 631
342
86 432
623
99 355
503 578
826
555
509
106
850
506
283
781 481
125
253 897
515
564 31
822
649
912 363
135
315
408 599
81
82 517
77
488
983
191 636
334
823
139
491
258
195 18
757
442
141
890
158 957
83
309
492 625
483
94 338
59 417
868 482
33
682
403 0
966
689 162
915 496
642
493
962
777
406
372 817
618 601
95 577
508
616
412
591
308
262 322
60
251
37 386
724
739
331 413
972
146 288
949 290
936
286
234 335
213
