750
5
67 879
980 834
488
682
640
831
282
819
922
975
283
649
171 503
921
314
875
347
333
182 813
889
646
470 947
690
218 856
185 911
33
637 403
550
374
619 818
495 883
641
99 635
348
693
44 800
313
416
28
584
745
728
855
916 155
727
2 910
890
852
804
386 242
808 620
160 696
370
711 598
771
392 452
450
730
408 847
106
121
191 146
212
515
379
913
456
527 66
844
122
278
89
973 206
223 700
966
199 674
325
257 144
623
555
298
340
294
888
200 262
871 424
350 562
704
877
514
567
64 444
207 566
548 773
720 999
422 662
965 338
265
738
989
509
948
626
667
692
761
316
970
361
541
536
427 252
222
535 528
792
663
140
612 118
925
391
618 941
367
842
860
908
196
972
247
110
679
978
274
977 927
748
10 577
233
0 760
477
743
518 753
241
969
642
332
616
938
159
81
179
658
523 568
284
463
30 94
225
733
306 659
126 102
41
423
319
78
580 183
351
680
997
404
49 248
624 344
445 53
12 853
593
420
507
677
685 579
292
168 763
654
176
177
277
210
184
161 390
362
414 461
103
486
236 32
137 464
652
537 909
946 622
280 904
639
741
621
915 940
334
554
582 363
309
305
16
297 163
953 673
988 686
62
25
478 15
851
87
412
983
570
220
396
8 751
830
810 586
211
832 156
364
821
439
231 524
746
880
36 432
863
56
731 695
472
90
119 123
986
766
687
806 20
613
330 793
63
467
224 153
201
992
407 138
499
377
393
157 343
322 894
479
261
315
320
982 603
549
491
905
902 590
405 226
387
776
744 471
500
100
272
194
483
543 643
755
597
127
887
998
170
497
893
360
52 534
848
701 828
805 796
229
293
901 861
827
688
47 897
955
232
448
538
134 873
493
837 345
588
672
614
454 270
650
492 80
636 750
349
27 617
11
302
442
13
150 716
607 752
23
9
868 79
706
132
74
565
990 838
811
303
530
428 501
669
165 510
209
331 544
75
976
482 709
135
400
899
436
644
59 384
342
981 898
112
508
820
228
406
289 419
954
896
764
291 765
929 609
250 697
358
556
136
125
698 443
661 903
72 469
520
453
605
473
371 958
575
583 147
323
769 415
791
865
540
836
950
481 93
785
759 6
139
634 91
862 496
372 172
628 290
979 995
327 188
957 128
596
462
389
919 459
824 937
409 324
814 85
797 993
193
18 288
725
326
167
963
519
239
230
974 335
531
240
401 699
113
425
670 88
308
762 522
798 985
823
611
859
803
770 253
46 683
867
539
664 61
417 158
197
215 961
923
547 365
878
435
747
702
754
382 876
50
767
676 108
933
869
395 465
437 418
421
77
19
1
301
572 789
357
825 385
815
959
517 65
269 383
505
60
777
934 715
411
275
376 40
532
591
951
328
104 285
757
458 366
891 96
560
68 657
130 190
116 665
329
936
788 952
576
881 943
857 633
900
602
994
964
749 573
109
457
956 494
352
892 243
39
45
115 131
606
82 801
839
563 601
942
214 721
430
681 710
237 105
504
615 399
264 967
822
181
84 558
885 587
756
907
581 991
169 180
707
768
739
14
546
553 912
872 152
668 175
932 545
512 353
205
203
671
480
433
630 525
735 227
533
799
51 511
354
460
516
295 846
924
840 198
476 162
574
962
631 256
107
259 238
37 249
775
816 355
202
557
569
778
468
441
740 705
449 884
826
4
850
341 55
178
208
542 475
299
166
149
21
604
38
742
559
723
648
186
336 521
7
83
694
854
783 608
192
849
26 58
22
772
388 339
312
736
98
321 375
368 244
145
378
245
221 76
438 653
809
54 949
310 589
235
930 426
73
712
254
960 675
592
359 920
429
217
304 266
296
258
719
638
92
35
870
625 666
263 398
111
629
380
502
874
287
246 318
271 31
935
369
864
431
142
17
498 817
48
794 866
216
732
447 564
780
195 95
807
600 204
812
882 918
802
944
213
655
595 307
394 474
276
787
843
513 434
703 795
268
141
717 466
610
645
678
189
29
451
651 996
718
708
790
845
234 57
101 835
841 726
829
784
714 143
931
251
124 487
987
627
43
260
971
914
895
561
886
526
397
255
724
774 86
729
691
917
656
154
267
489
939
647
286
70
446
506
858 97
594
148
552 689
164
413 373
490 984
781 273
660 571
713
24
485
779
684 737
279
484 455
174
758 968
410 133
632 945
906
346
381
833 117
3
71 129
69 599
219
120
34
281
114 151
440
926
317
734
42
529 337
585 928
187
300
722
782 173
356
578 402
786
551
311
