750
973 624
813 126
540
454 885
64 191
694
847 758
742
219
599 419
593
787
453
712
869
925
978
575
13
794 383
638
182 118
362
173 513
162 949
151 600
842
507
959
190 798
658
545 327
588
572 476
987
840 310
902 10
179
333
39
657 571
612 522
298
154
802
556
602
893
91 810
37 675
578 891
523 991
864
458 344
693
921
308
830
138 832
988 496
377
506
316
938
279
157 271
502
398 674
252 579
272
826
113
148
297 52
451
596
854
720 273
704
567
906
357
877
731 801
172 883
905
995 521
774 700
317
823
489
315
865
462
17
296
870
442
332
899
531
986
634 331
919 797
81
998
63
501 263
41
592
896
134 464
934 55
739
879 85
260
679
178
639
19
425
25
325
197
411
996 930
616
683 781
855
723
645
224 695
251
884 952
635 385
590 158
637 806
783 322
536
738
369
714 198
175 673
77
3
703 721
294
528 558
780
881 168
46 123
299
136
663
139
833 150
821
574
755
23
169 69
347
196
811
667
897 407
759 946
519
795 589
598 585
24
790
163 2
976
234 289
142
29
293
183 920
553 295
328
904 990
65 882
397
439
764
868 636
848
493
166
326
725
121
644
89
570
79 413
174
908
504
915 937
193
606
100
83
924
520
717 58
358
863
678
170
349
283
498 31
307 257
117 632
388 620
87
642
119 929
722
267
737 84
656
479
365 324
684 237
34
387
435
192
544 215
992
691
561
799
526
469 108
33
535 188
809
623
719
433
715 563
980 577
971
756
844
372 953
45
409 88
201
648
486
733
867
778
53 619
647
913
944
235
584
665 525
547 40
414 615
509
963
450
5
135
866 918
936
775
360
948
127
473
352
979 752
785
167
106
210
373 512
477
480
56
696 434
278
872 466
247
78
452 894
532
649
70
401 256
610
379
554
716 161
815
760 960
189
935
605
514
622 0
609 625
152 711
518 773
803
403 824
240
527 862
671
211
463
394 542
337 965
125
75
653 838
184
21
66 20
818 318
608 415
666 796
226 685
300
457
455 928
546
164
393
122
923
515
254
962
475 686
120
750 659
626
807
424 770
734
71 628
128 338
367
827
301
497
330 487
562 548
931
481 270
410 835
436
111
762 144
241
597
682
268
812
233
212
374
551
471 204
888
145
284
205
871 564
149
74
789 146
370
4
277
346
640
746
557
621
732
849
900
860
565
702
817 945
292
488
107
186
836
538
220
861 793
969
404
997
940 689
320
391
465 490
550
880
449 999
676 137
485
524 805
82 156
982 749
140
672
400
941 643
468
467
441
511 341
321 841
96 102
396
492 932
165 699
966
646
655
287
60
850
432 529
690
36 601
153 253
975
90
216
792
440
614
92
736
421
110
313
650
229
98
814 447
917
964
249 72
276
533
573 94
698 668
423
159
61 726
181
706
505
534 155
483
831
364
766
35
730
583 214
819
983
259 408
552 26
743
769 709
692
177
133 246
446
724
438 901
51 44
314
784
603 927
261
381
757
336 853
9
38
688
371 947
829
258
402 474
323
950
309
114 426
680
779
499
208
968 422
820
115 304
687
582 30
858 288
611
516
207 27
213
280 105
822
209
892 495
217
361
319
356
390 910
109
378
264 961
710 180
630 244
718
430
281
670 503
59 943
7
859
227 873
875
416
705 837
958 595
517 697
886
353 231
290 185
312
889
839
187
232
286
989
613
303
384 129
265
541
751 236
677
243 957
305
266 8
141
765 735
576
887
245
713
225
874
539
427 418
460
768
800 482
459 461
222
206 607
54 912
412
939
203
230
47 788
101 343
97 306
627
420
708
845
808 633
340
500
366 417
350 428
916 160
262 984
537 618
909 856
62
654
903 171
380
985 660
786
804
491
994
329
895
348
543 494
382 335
363 478
922
555
530
741
130 568
954
993 250
242 444
376 339
560
275
876 617
591
852
291 345
282
228
970
389
846 392
816 510
586 664
767
729
429
355 248
73
202
238 977
49 661
22
6 15
195 368
11
728
907
28
641
274
981 566
580 95
399 782
761
744 124
42
472
354
662 701
878
448
772
669
16
239
221 199
747
857 200
311
131 967
914
406
569
926
470 581
269 86
604
652
255
629
351
445 68
43
437 93
681 80
951
890
956 104
727
431
456
147 57
375 395
834 740
898 753
302
76 828
176
112
334
594
776
843
777
342
974 587
933
32 359
748
50
484 18
194
707
1
791
143 285
218 631
972
549
559
386 99
508
443 763
771
955
132
825 911
942
745
651 116
851
103
12 405
48
754
223 67
14
